0.000000
0.000000
0.000000
0.000000
0.000000
0.000000
0.000000
0.000000
0.000000
0.000000
0.000000
0.000000
0.000000
0.000000
0.000000
0.000000
0.000000
0.000000
0.000000
0.000000
0.000000
0.000000
0.000000
0.000000
0.000000
0.000000
0.000000
0.000000
0.000000
0.000000
0.000000
0.000000
0.000000
0.000000
0.000000
0.000000
0.000000
0.000000
0.000000
0.000000
0.000000
0.000000
0.000000
0.000000
0.000000
0.000000
0.000000
0.000000
0.000000
0.000000
0.000000
0.000000
0.000000
0.000000
0.000000
0.000000
0.000000
0.000000
0.000000
0.000000
0.000000
0.000000
0.000000
0.000000
0.000000
0.000000
0.000000
0.000000
0.000000
0.000000
0.000000
0.000000
0.000000
0.000000
0.000000
0.000000
0.000000
0.000000
0.000000
0.000000
0.000000
0.000000
0.000000
0.000000
0.000000
0.000000
0.000000
0.000000
0.000000
0.000000
0.000000
0.000000
0.000000
0.000000
0.000000
0.000000
0.000000
0.000000
0.000000
0.000000
0.000000
0.000000
0.000000
0.000000
0.000000
0.000000
0.000000
0.000000
0.000000
0.000000
0.000000
0.000000
0.000000
0.000000
0.000000
0.000000
0.000000
0.000000
0.000000
0.000000
0.000000
0.000000
0.000000
0.000000
0.000000
0.000000
0.000000
0.000000
0.000000
0.000000
0.000000
0.000000
0.000000
0.000000
0.000000
0.000000
0.000000
0.000000
0.000000
0.000000
0.000000
0.000000
0.000000
0.000000
0.000000
0.000000
0.000000
0.000000
0.000000
0.000000
0.000000
0.000000
0.000000
0.000000
0.000000
0.000000
0.000000
0.000000
0.000000
0.000000
0.000000
0.000000
0.000000
0.000000
0.000000
0.000000
0.000000
0.000000
0.000000
0.000000
0.000000
0.000000
0.000000
0.000000
0.000000
0.000000
0.000000
0.000000
0.000000
0.000000
0.000000
0.000000
0.000000
0.000000
0.000000
0.000000
0.000000
0.000000
0.000000
0.000000
0.000000
0.000000
0.000000
0.000000
0.000000
0.000000
0.000000
0.000000
0.000000
0.000000
0.000000
0.000000
0.000000
0.000000
0.000000
0.000000
0.000000
0.000000
0.000000
0.000000
0.000000
0.000000
0.000000
0.000000
0.000000
0.000000
0.000000
0.000000
0.000000
0.000000
0.000000
0.000000
0.000000
0.000000
0.000000
0.000000
0.000000
0.000000
0.000000
0.000000
0.000000
0.000000
0.000000
0.000000
0.000000
0.000000
0.000000
0.000000
0.000000
0.000000
0.000000
0.033061
0.066123
0.099184
0.132246
0.165307
0.418779
0.672250
0.925722
1.179193
1.432665
1.653075
1.873485
2.093895
2.314305
2.534715
3.041657
3.548600
4.055543
4.562486
5.069429
5.609434
6.149438
6.689442
7.229447
7.769451
8.022923
8.276394
8.529866
8.783337
9.036808
9.268239
9.499669
9.731100
9.962530
10.193961
10.193961
10.193961
10.193961
10.193961
10.193961
10.711924
11.229888
11.747851
12.265814
12.783778
13.400926
14.018074
14.635222
15.252369
15.869517
16.244214
16.618911
16.993608
17.368305
17.743002
18.624642
19.506282
20.387922
21.269561
22.151201
22.636103
23.121005
23.605907
24.090809
24.575711
25.071633
25.567556
26.063478
26.559400
27.055323
25.457351
23.859378
22.261406
20.663434
19.065462
18.646683
18.227904
17.809125
17.390346
16.971567
17.687899
18.404232
19.120564
19.836897
20.553229
19.087503
17.621777
16.156050
14.690324
13.224598
12.309896
11.395195
10.480494
9.565792
8.651091
8.452722
8.254353
8.055984
7.857615
7.659246
7.416795
7.174344
6.931893
6.689442
6.446991
6.711483
6.975975
7.240467
7.504959
7.769451
8.463743
9.158034
9.852325
10.546617
11.240908
11.284990
11.329072
11.373154
11.417236
11.461318
11.703769
11.946220
12.188671
12.431122
12.673573
14.194402
15.715230
17.236059
18.756888
20.277717
22.658144
25.038572
27.418999
29.799427
32.179855
33.370068
34.560282
35.750496
36.940710
38.130924
39.750937
41.370950
42.990963
44.610976
46.230990
48.424069
50.617148
52.810227
55.003306
57.196385
59.466608
61.736831
64.007053
66.277276
68.547498
73.021821
77.496143
81.970465
86.444787
90.919110
88.902358
86.885607
84.868856
82.852105
80.835354
80.824333
80.813313
80.802292
80.791272
80.780251
79.744324
78.708398
77.672471
76.636544
75.600617
71.798545
67.996473
64.194402
60.392330
56.590258
53.989420
51.388583
48.787745
46.186908
43.586070
42.550143
41.514216
40.478290
39.442363
38.406436
37.612960
36.819484
36.026008
35.232533
34.439057
33.711704
32.984351
32.256998
31.529645
30.802292
31.254133
31.705973
32.157814
32.609654
33.061494
34.405995
35.750496
37.094997
38.439497
39.783998
41.525237
43.266476
45.007714
46.748953
48.490192
50.540004
52.589817
54.639630
56.689442
58.739255
62.871942
67.004629
71.137315
75.270002
79.402689
78.476967
77.551245
76.625523
75.699802
74.774080
74.884285
74.994490
75.104695
75.214900
75.325105
81.893322
88.461538
95.029755
101.597972
108.166189
111.791933
115.417677
119.043421
122.669165
126.294909
128.179414
130.063919
131.948424
133.832929
135.717434
138.527661
141.337888
144.148115
146.958343
149.768570
149.757549
149.746529
149.735508
149.724488
149.713467
145.195063
140.676659
136.158254
131.639850
127.121446
122.856513
118.591580
114.326648
110.061715
105.796782
100.584086
95.371391
90.158695
84.946000
79.733304
75.225920
70.718536
66.211153
61.703769
57.196385
54.904122
52.611858
50.319594
48.027331
45.735067
46.032621
46.330174
46.627728
46.925281
47.222834
48.203659
49.184483
50.165307
51.146132
52.126956
51.234296
50.341635
49.448975
48.556315
47.663654
46.297113
44.930571
43.564029
42.197487
40.830946
40.654618
40.478290
40.301962
40.125634
39.949306
40.324003
40.698700
41.073397
41.448093
41.822790
41.955036
42.087282
42.219528
42.351774
42.484020
42.825656
43.167291
43.508927
43.850562
44.192197
44.886489
45.580780
46.275072
46.969363
47.663654
48.986114
50.308574
51.631034
52.953493
54.275953
55.036368
55.796782
56.557196
57.317611
58.078025
58.221292
58.364558
58.507825
58.651091
58.794358
58.375579
57.956800
57.538021
57.119242
56.700463
55.686577
54.672691
53.658805
52.644920
51.631034
49.856734
48.082433
46.308133
44.533833
42.759533
41.613401
40.467269
39.321137
38.175006
37.028874
35.981926
34.934979
33.888032
32.841084
31.794137
31.232092
30.670046
30.108001
29.545955
28.983910
30.526780
32.069650
33.612519
35.155389
36.698259
38.814194
40.930130
43.046066
45.162001
47.277937
49.173463
51.068988
52.964514
54.860040
56.755565
58.122107
59.488649
60.855191
62.221732
63.588274
63.533172
63.478069
63.422967
63.367864
63.312762
62.067445
60.822129
59.576813
58.331497
57.086180
55.708618
54.331056
52.953493
51.575931
50.198369
49.636324
49.074278
48.512233
47.950187
47.388142
47.619572
47.851003
48.082433
48.313864
48.545294
49.173463
49.801631
50.429799
51.057968
51.686136
51.961649
52.237161
52.512674
52.788186
53.063698
52.722063
52.380428
52.038792
51.697157
51.355521
50.374697
49.393873
48.413048
47.432224
46.451400
44.335464
42.219528
40.103593
37.987657
35.871721
34.361913
32.852105
31.342297
29.832488
28.322680
27.925942
27.529204
27.132466
26.735728
26.338991
26.449196
26.559400
26.669605
26.779810
26.890015
27.562266
28.234516
28.906767
29.579017
30.251267
30.482698
30.714128
30.945559
31.176989
31.408420
30.791272
30.174124
29.556976
28.939828
28.322680
27.253692
26.184704
25.115715
24.046727
22.977739
21.842627
20.707516
19.572405
18.437293
17.302182
16.607891
15.913599
15.219308
14.525017
13.830725
14.282566
14.734406
15.186246
15.638087
16.089927
16.662993
17.236059
17.809125
18.382191
18.955257
18.889134
18.823011
18.756888
18.690765
18.624642
18.933216
19.241790
19.550364
19.858938
20.167512
20.751598
21.335684
21.919771
22.503857
23.087944
23.231210
23.374477
23.517743
23.661009
23.804276
23.947542
24.090809
24.234075
24.377342
24.520608
25.523474
26.526339
27.529204
28.532070
29.534935
30.824333
32.113732
33.403130
34.692528
35.981926
36.499890
37.017853
37.535817
38.053780
38.571743
38.968481
39.365219
39.761957
40.158695
40.555433
41.525237
42.495041
43.464845
44.434648
45.404452
46.473441
47.542429
48.611417
49.680406
50.749394
52.821248
54.893101
56.964955
59.036808
61.108662
63.654397
66.200132
68.745867
71.291602
73.837337
74.156932
74.476526
74.796121
75.115715
75.435310
75.699802
75.964294
76.228786
76.493277
76.757769
78.311660
79.865550
81.419440
82.973330
84.527221
83.425171
82.323121
81.221071
80.119021
79.016972
76.515318
74.013665
71.512012
69.010359
66.508706
68.095658
69.682610
71.269561
72.856513
74.443465
80.063919
85.684373
91.304827
96.925281
102.545735
105.466167
108.386599
111.307031
114.227463
117.147895
115.671148
114.194402
112.717655
111.240908
109.764161
107.538021
105.311880
103.085739
100.859599
98.633458
95.393432
92.153405
88.913379
85.673352
82.433326
79.590037
76.746749
73.903460
71.060172
68.216883
66.806260
65.395636
63.985012
62.574388
61.163765
60.667842
60.171920
59.675997
59.180075
58.684153
57.317611
55.951069
54.584527
53.217985
51.851444
51.752259
51.653075
51.553890
51.454706
51.355521
51.840423
52.325325
52.810227
53.295129
53.780031
53.471457
53.162883
52.854309
52.545735
52.237161
51.950628
51.664095
51.377562
51.091029
50.804496
50.528984
50.253471
49.977959
49.702447
49.426934
48.413048
47.399162
46.385277
45.371391
44.357505
43.850562
43.343619
42.836676
42.329733
41.822790
42.329733
42.836676
43.343619
43.850562
44.357505
44.974653
45.591801
46.208949
46.826097
47.443244
48.027331
48.611417
49.195504
49.779590
50.363676
51.113070
51.862464
52.611858
53.361252
54.110646
52.909412
51.708177
50.506943
49.305709
48.104474
45.173022
42.241569
39.310117
36.378664
33.447212
31.176989
28.906767
26.636544
24.366321
22.096099
21.137315
20.178532
19.219749
18.260965
17.302182
16.740137
16.178091
15.616046
15.054000
14.491955
13.907869
13.323782
12.739696
12.155609
11.571523
11.340093
11.108662
10.877232
10.645801
10.414371
10.348248
10.282125
10.216002
10.149879
10.083756
9.918448
9.753141
9.587833
9.422526
9.257218
9.257218
9.257218
9.257218
9.257218
9.257218
9.158034
9.058849
8.959665
8.860480
8.761296
8.375579
7.989861
7.604144
7.218426
6.832709
6.435971
6.039233
5.642495
5.245757
4.849019
4.584527
4.320035
4.055543
3.791051
3.526559
3.471457
3.416354
3.361252
3.306149
3.251047
3.306149
3.361252
3.416354
3.471457
3.526559
3.482477
3.438395
3.394313
3.350231
3.306149
3.273088
3.240026
3.206965
3.173903
3.140842
3.140842
3.140842
3.140842
3.140842
3.140842
3.118801
3.096760
3.074719
3.052678
3.030637
2.920432
2.810227
2.700022
2.589817
2.479612
2.325325
2.171038
2.016751
1.862464
1.708177
1.454706
1.201234
0.947763
0.694291
0.440820
0.352656
0.264492
0.176328
0.088164
0.000000
0.000000
0.000000
0.000000
0.000000
0.000000
0.000000
0.000000
0.000000
0.000000
0.000000
0.000000
0.000000
0.000000
0.000000
0.000000
0.000000
0.000000
0.000000
0.000000
0.000000
0.000000
0.000000
0.000000
0.000000
0.000000
0.000000
0.000000
0.000000
0.000000
0.000000
0.000000
0.000000
0.000000
0.000000
0.000000
0.000000
0.000000
0.000000
0.000000
0.000000
0.000000
0.000000
0.000000
0.000000
0.000000
0.000000
0.000000
0.000000
0.000000
0.000000
0.000000
0.000000
0.000000
0.000000
0.000000
0.000000
0.000000
0.000000
0.000000
0.000000
0.000000
0.000000
0.000000
0.000000
0.000000
0.000000
0.000000
0.000000
0.000000
0.000000
0.000000
0.000000
0.000000
0.000000
0.000000
0.000000
0.000000
0.000000
0.000000
0.000000
0.000000
0.000000
0.000000
0.000000
0.000000
0.000000
0.000000
0.000000
0.000000
0.000000
0.000000
0.000000
0.000000
0.000000
0.000000
0.000000
0.000000
0.000000
0.000000
0.000000
0.000000
0.000000
0.000000
0.000000
0.000000
0.000000
0.000000
0.000000
0.000000
0.000000
0.000000
0.000000
0.000000
0.000000
0.000000
0.000000
0.000000
0.000000
0.000000
0.000000
0.000000
0.000000
0.000000
0.000000
0.000000
0.000000
0.000000
0.000000
0.000000
0.000000
0.000000
0.000000
0.000000
0.000000
0.000000
0.000000
0.000000
0.000000
0.000000
0.000000
0.000000
0.000000
0.000000
0.000000
0.000000
0.000000
0.000000
0.000000
0.000000
0.000000
0.000000
0.000000
0.000000
0.000000
0.000000
0.000000
0.000000
0.000000
0.000000
0.000000
0.000000
0.000000
0.000000
0.000000
0.000000
0.000000
0.000000
0.000000
0.000000
0.000000
0.000000
0.000000
0.000000
0.000000
0.000000
0.000000
0.000000
0.000000
0.000000
0.000000
0.000000
0.000000
0.000000
0.000000
0.000000
0.000000
0.000000
0.000000
0.000000
0.000000
0.000000
0.000000
0.000000
0.000000
0.000000
0.000000
0.000000
0.000000
0.000000
0.000000
0.000000
0.000000
0.000000
0.000000
0.000000
0.000000
0.000000
0.000000
0.000000
0.000000
0.000000
0.000000
0.000000
0.000000
0.000000
0.000000
0.000000
0.000000
0.000000
0.000000
0.000000
0.000000
0.000000
0.000000
0.000000
0.000000
0.000000
0.000000
0.000000
0.000000
0.000000
0.000000
0.000000
0.000000
0.000000
0.000000
0.000000
0.000000
0.000000
0.000000
0.000000
0.000000
0.000000
0.000000
0.000000
0.000000
0.000000
0.000000
0.000000
0.000000
0.000000
0.000000
0.000000
0.000000
0.000000
0.000000
0.000000
0.000000
0.000000
0.000000
0.000000
0.000000
0.000000
0.000000
0.000000
0.000000
0.000000
0.000000
0.000000
0.000000
0.000000
0.000000
0.000000
0.000000
0.000000
0.000000
0.000000
0.000000
0.000000
0.000000
0.000000
0.000000
0.000000
0.000000
0.000000
0.000000
0.000000
0.000000
0.000000
0.000000
0.000000
0.000000
0.000000
0.000000
0.000000
0.000000
0.000000
0.000000
0.000000
0.000000
0.000000
0.000000
0.000000
0.000000
0.000000
0.000000
0.000000
0.000000
0.000000
0.000000
0.000000
0.000000
0.000000
0.000000
0.000000
0.000000
0.000000
0.000000
0.000000
0.000000
0.000000
0.000000
0.000000
0.000000
0.000000
0.000000
0.000000
0.000000
0.000000
0.000000
0.000000
0.000000
0.000000
0.000000
0.000000
0.000000
0.000000
0.000000
0.000000
0.000000
0.000000
0.000000
0.000000
0.000000
0.000000
0.000000
0.000000
0.000000
0.000000
0.000000
0.000000
0.000000
0.000000
0.000000
0.000000
0.000000
0.000000
0.000000
0.000000
0.000000
0.000000
0.000000
0.000000
0.000000
0.000000
0.000000
0.000000
0.000000
0.000000
0.000000
0.000000
0.000000
0.000000
0.000000
0.000000
0.000000
0.000000
0.000000
0.000000
0.000000
0.000000
0.000000
0.000000
0.000000
