0.000000
0.000000
0.000000
0.000000
0.000000
0.000000
0.000000
0.000000
0.000000
0.000000
0.000000
0.000000
0.000000
0.000000
0.000000
0.000000
0.000000
0.000000
0.000000
0.000000
0.000000
0.000000
0.000000
0.000000
0.000000
0.000000
0.000000
0.000000
0.000000
0.000000
0.000000
0.000000
0.000000
0.000000
0.000000
0.000000
0.000000
0.000000
0.000000
0.000000
0.000000
0.000000
0.000000
0.000000
0.000000
0.000000
0.000000
0.000000
0.000000
0.000000
0.000000
0.000000
0.000000
0.000000
0.000000
0.000000
0.000000
0.000000
0.000000
0.000000
0.000000
0.000000
0.000000
0.000000
0.000000
0.000000
0.000000
0.000000
0.000000
0.000000
0.000000
0.000000
0.000000
0.000000
0.000000
0.000000
0.000000
0.000000
0.000000
0.000000
0.000000
0.000000
0.000000
0.000000
0.000000
0.000000
0.000000
0.000000
0.000000
0.000000
0.000000
0.000000
0.000000
0.000000
0.000000
0.000000
0.000000
0.000000
0.000000
0.000000
0.000000
0.000000
0.000000
0.000000
0.000000
0.000000
0.000000
0.000000
0.000000
0.000000
0.000000
0.000000
0.000000
0.000000
0.000000
0.000000
0.000000
0.000000
0.000000
0.000000
0.000000
0.000000
0.000000
0.000000
0.000000
0.000000
0.000000
0.000000
0.000000
0.000000
0.000000
0.000000
0.000000
0.000000
0.000000
0.000000
0.000000
0.000000
0.000000
0.000000
0.000000
0.000000
0.000000
0.000000
0.000000
0.000000
0.000000
0.000000
0.000000
0.000000
0.000000
0.000000
0.000000
0.000000
0.000000
0.000000
0.000000
0.000000
0.000000
0.000000
0.000000
0.000000
0.000000
0.000000
0.000000
0.000000
0.000000
0.000000
0.000000
0.000000
0.000000
0.000000
0.000000
0.000000
0.000000
0.000000
0.000000
0.000000
0.000000
0.000000
0.000000
0.000000
0.000000
0.000000
0.000000
0.000000
0.000000
0.000000
0.000000
0.000000
0.000000
0.000000
0.000000
0.000000
0.000000
0.000000
0.000000
0.000000
0.000000
0.000000
0.000000
0.000000
0.000000
0.000000
0.000000
0.000000
0.000000
0.000000
0.000000
0.000000
0.000000
0.000000
0.000000
0.000000
0.000000
0.000000
0.000000
0.000000
0.000000
0.000000
0.000000
0.000000
0.000000
0.000000
0.000000
0.000000
0.000000
0.000000
0.000000
0.000000
0.000000
0.000000
0.000000
0.000000
0.000000
0.000000
0.000000
0.000000
0.000000
0.000000
0.000000
0.000000
0.000000
0.000000
0.000000
0.000000
0.000000
0.000000
0.000000
0.000000
0.000000
0.000000
0.000000
0.000000
0.000000
0.000000
0.000000
0.000000
0.000000
0.000000
0.000000
0.000000
0.000000
0.000000
0.000000
0.000000
0.000000
0.000000
0.000000
0.000000
0.000000
0.000000
0.000000
0.000000
0.000000
0.000000
0.000000
0.000000
0.000000
0.000000
0.000000
0.000000
0.000000
0.000000
0.000000
0.000000
0.000000
0.000000
0.000000
0.000000
0.000000
0.000000
0.000000
0.000000
0.000000
0.000000
0.000000
0.000000
0.000000
0.000000
0.000000
0.000000
0.000000
0.000000
0.000000
0.000000
0.000000
0.000000
0.000000
0.000000
0.000000
0.000000
0.000000
0.000000
0.000000
0.000000
0.000000
0.000000
0.000000
0.000000
0.000000
0.000000
0.000000
0.000000
0.000000
0.000000
0.000000
0.000000
0.000000
0.000000
0.000000
0.000000
0.000000
0.000000
0.000000
0.000000
0.000000
0.000000
0.000000
0.000000
0.000000
0.000000
0.000000
0.000000
0.000000
0.000000
0.000000
0.000000
0.000000
0.000000
0.000000
0.000000
0.000000
0.000000
0.000000
0.000000
0.000000
0.000000
0.000000
0.000000
0.000000
0.000000
0.000000
0.000000
0.000000
0.000000
0.000000
0.000000
0.000000
0.000000
0.000000
0.000000
0.000000
0.000000
0.000000
0.000000
0.000000
0.000000
0.000000
0.000000
0.000000
0.000000
0.000000
0.000000
0.000000
0.000000
0.000000
0.000000
0.000000
0.000000
0.000000
0.000000
0.000000
0.000000
0.000000
0.000000
0.000000
0.000000
0.000000
0.000000
0.000000
0.000000
0.000000
0.000000
0.000000
0.000000
0.000000
0.000000
0.000000
0.000000
0.000000
0.000000
0.000000
0.000000
0.000000
0.000000
0.000000
0.000000
0.000000
0.000000
0.000000
0.011020
0.022041
0.033061
0.044082
0.055102
0.154287
0.253471
0.352656
0.451840
0.551025
0.837558
1.124091
1.410624
1.697157
1.983690
2.347366
2.711043
3.074719
3.438395
3.802072
4.452281
5.102491
5.752700
6.402909
7.053119
8.133128
9.213136
10.293145
11.373154
12.453163
13.478069
14.502976
15.527882
16.552788
17.577695
18.338109
19.098523
19.858938
20.619352
21.379766
21.930791
22.481816
23.032841
23.583866
24.134891
24.586731
25.038572
25.490412
25.942253
26.394093
27.132466
27.870840
28.609213
29.347587
30.085960
30.989641
31.893322
32.797002
33.700683
34.604364
36.037029
37.469694
38.902358
40.335023
41.767688
44.115054
46.462420
48.809786
51.157152
53.504518
56.733524
59.962530
63.191536
66.420542
69.649548
73.782235
77.914922
82.047609
86.180295
90.312982
95.095878
99.878775
104.661671
109.444567
114.227463
117.765043
121.302623
124.840203
128.377783
131.915363
134.472118
137.028874
139.585629
142.142385
144.699140
147.090588
149.482037
151.873485
154.264933
156.656381
159.047829
161.439277
163.830725
166.222173
168.613621
170.531188
172.448755
174.366321
176.283888
178.201455
179.678201
181.154948
182.631695
184.108442
185.585188
186.819484
188.053780
189.288076
190.522372
191.756667
193.068107
194.379546
195.690985
197.002425
198.313864
199.647344
200.980824
202.314305
203.647785
204.981265
206.083315
207.185365
208.287415
209.389464
210.491514
211.847035
213.202557
214.558078
215.913599
217.269121
219.098523
220.927926
222.757329
224.586731
226.416134
228.124311
229.832488
231.540666
233.248843
234.957020
236.081111
237.205202
238.329292
239.453383
240.577474
241.778708
242.979943
244.181177
245.382411
246.583646
247.828962
249.074278
250.319594
251.564911
252.810227
254.595548
256.380868
258.166189
259.951510
261.736831
263.169495
264.602160
266.034825
267.467490
268.900154
269.958122
271.016090
272.074058
273.132026
274.189993
275.391228
276.592462
277.793696
278.994931
280.196165
280.945559
281.694953
282.444346
283.193740
283.943134
284.604364
285.265594
285.926824
286.588054
287.249284
288.340313
289.431342
290.522372
291.613401
292.704430
294.467710
296.230990
297.994269
299.757549
301.520829
302.644920
303.769010
304.893101
306.017192
307.141283
308.948644
310.756006
312.563368
314.370730
316.178091
312.971126
309.764161
306.557196
303.350231
300.143266
282.918228
265.693189
248.468151
231.243112
214.018074
203.284108
192.550143
181.816178
171.082213
160.348248
156.116376
151.884505
147.652634
143.420763
139.188891
147.520388
155.851885
164.183381
172.514878
180.846374
204.066564
227.286753
250.506943
273.727132
296.947322
272.779370
248.611417
224.443465
200.275512
176.107560
172.592021
169.076482
165.560943
162.045404
158.529866
167.026670
175.523474
184.020278
192.517082
201.013886
226.206745
251.399603
276.592462
301.785321
326.978179
331.584748
336.191316
340.797884
345.404452
350.011020
349.019176
348.027331
347.035486
346.043641
345.051796
341.789729
338.527661
335.265594
332.003527
328.741459
329.005951
329.270443
329.534935
329.799427
330.063919
329.623099
329.182279
328.741459
328.300639
327.859819
325.765925
323.672030
321.578135
319.484241
317.390346
310.921314
304.452281
297.983249
291.514216
285.045184
287.888473
290.731761
293.575050
296.418338
299.261627
304.771876
310.282125
315.792374
321.302623
326.812872
318.360150
309.907428
301.454706
293.001984
284.549262
282.510469
280.471677
278.432885
276.394093
274.355301
268.789949
263.224598
257.659246
252.093895
246.528543
235.166410
223.804276
212.442142
201.080009
189.717875
218.470355
247.222834
275.975314
304.727794
333.480273
326.702667
319.925061
313.147454
306.369848
299.592242
303.702887
307.813533
311.924179
316.034825
320.145471
319.065462
317.985453
316.905444
315.825435
314.745426
314.976857
315.208287
315.439718
315.671148
315.902579
314.877672
313.852766
312.827860
311.802953
310.778047
309.885387
308.992726
308.100066
307.207406
306.314745
304.760855
303.206965
301.653075
300.099184
298.545294
292.495041
286.444787
280.394534
274.344280
268.294027
268.338109
268.382191
268.426273
268.470355
268.514437
267.180957
265.847476
264.513996
263.180516
261.847035
258.750276
255.653516
252.556756
249.459996
246.363236
250.914701
255.466167
260.017633
264.569099
269.120564
260.998457
252.876350
244.754243
236.632136
228.510029
235.397840
242.285651
249.173463
256.061274
262.949085
263.621336
264.293586
264.965836
265.638087
266.310337
264.811549
263.312762
261.813974
260.315186
258.816399
257.152303
255.488208
253.824113
252.160018
250.495922
244.875468
239.255014
233.634560
228.014106
222.393652
214.359709
206.325766
198.291823
190.257880
182.223937
189.221953
196.219969
203.217985
210.216002
217.214018
216.431563
215.649107
214.866652
214.084197
213.301741
217.875248
222.448755
227.022261
231.595768
236.169275
231.000661
225.832048
220.663434
215.494820
210.326207
208.684153
207.042098
205.400044
203.757990
202.115936
199.944898
197.773859
195.602821
193.431783
191.260745
190.048490
188.836235
187.623981
186.411726
185.199471
183.160679
181.121887
179.083095
177.044302
175.005510
161.791933
148.578356
135.364778
122.151201
108.937624
98.765704
88.593784
78.421865
68.249945
58.078025
67.368305
76.658585
85.948865
95.239145
104.529425
104.386158
104.242892
104.099625
103.956359
103.813092
92.142385
80.471677
68.800970
57.130262
45.459555
57.582103
69.704651
81.827199
93.949747
106.072294
99.008155
91.944016
84.879877
77.815737
70.751598
75.413269
80.074939
84.736610
89.398281
94.059952
92.737492
91.415032
90.092572
88.770112
87.447653
81.243112
75.038572
68.834031
62.629491
56.424950
57.802513
59.180075
60.557637
61.935199
63.312762
60.811109
58.309456
55.807803
53.306149
50.804496
48.159577
45.514657
42.869738
40.224818
37.579899
34.483139
31.386379
28.289619
25.192859
22.096099
21.137315
20.178532
19.219749
18.260965
17.302182
16.497686
15.693189
14.888693
14.084197
13.279700
12.739696
12.199691
11.659687
11.119683
10.579678
10.359268
10.138858
9.918448
9.698038
9.477628
9.158034
8.838439
8.518845
8.199251
7.879656
7.240467
6.601278
5.962089
5.322901
4.683712
4.320035
3.956359
3.592682
3.229006
2.865330
2.677981
2.490633
2.303284
2.115936
1.928587
1.675116
1.421644
1.168173
0.914701
0.661230
0.528984
0.396738
0.264492
0.132246
0.000000
0.000000
0.000000
0.000000
0.000000
0.000000
0.000000
0.000000
0.000000
0.000000
0.000000
0.000000
0.000000
0.000000
0.000000
0.000000
0.000000
0.000000
0.000000
0.000000
0.000000
0.000000
0.000000
0.000000
0.000000
0.000000
0.000000
0.000000
0.000000
0.000000
0.000000
0.000000
0.000000
0.000000
0.000000
0.000000
0.000000
0.000000
0.000000
0.000000
0.000000
0.000000
0.000000
0.000000
0.000000
0.000000
0.000000
0.000000
0.000000
0.000000
0.000000
0.000000
0.000000
0.000000
0.000000
0.000000
0.000000
0.000000
0.000000
0.000000
0.000000
0.000000
0.000000
0.000000
0.000000
0.000000
0.000000
0.000000
0.000000
0.000000
0.000000
0.000000
0.000000
0.000000
0.000000
0.000000
0.000000
0.000000
0.000000
0.000000
0.000000
0.000000
0.000000
0.000000
0.000000
0.000000
0.000000
0.000000
0.000000
0.000000
0.000000
0.000000
0.000000
0.000000
0.000000
0.000000
0.000000
0.000000
0.000000
0.000000
0.000000
0.000000
0.000000
0.000000
0.000000
0.000000
0.000000
0.000000
0.000000
0.000000
0.000000
0.000000
0.000000
0.000000
0.000000
0.000000
0.000000
0.000000
0.000000
0.000000
0.000000
0.000000
0.000000
0.000000
0.000000
0.000000
0.000000
0.000000
0.000000
0.000000
0.000000
0.000000
0.000000
0.000000
0.000000
0.000000
0.000000
0.000000
0.000000
0.000000
0.000000
0.000000
0.000000
0.000000
0.000000
0.000000
0.000000
0.000000
0.000000
0.000000
0.000000
0.000000
0.000000
0.000000
0.000000
0.000000
0.000000
0.000000
0.000000
0.000000
0.000000
0.000000
0.000000
0.000000
0.000000
0.000000
0.000000
0.000000
0.000000
0.000000
0.000000
0.000000
0.000000
0.000000
0.000000
0.000000
0.000000
0.000000
0.000000
0.000000
0.000000
0.000000
0.000000
0.000000
0.000000
0.000000
0.000000
0.000000
0.000000
0.000000
0.000000
0.000000
0.000000
0.000000
0.000000
0.000000
0.000000
0.000000
0.000000
0.000000
0.000000
0.000000
0.000000
0.000000
0.000000
0.000000
0.000000
0.000000
0.000000
0.000000
0.000000
0.000000
0.000000
0.000000
0.000000
0.000000
0.000000
0.000000
0.000000
0.000000
0.000000
0.000000
0.000000
0.000000
0.000000
0.000000
0.000000
0.000000
0.000000
0.000000
0.000000
0.000000
0.000000
0.000000
0.000000
0.000000
0.000000
0.000000
0.000000
0.000000
0.000000
0.000000
0.000000
0.000000
0.000000
0.000000
0.000000
0.000000
0.000000
0.000000
0.000000
0.000000
0.000000
0.000000
0.000000
0.000000
0.000000
0.000000
0.000000
0.000000
0.000000
0.000000
0.000000
0.000000
0.000000
0.000000
0.000000
0.000000
0.000000
0.000000
0.000000
0.000000
0.000000
0.000000
0.000000
0.000000
0.000000
0.000000
0.000000
0.000000
0.000000
0.000000
0.000000
0.000000
0.000000
0.000000
0.000000
0.000000
0.000000
0.000000
0.000000
0.000000
0.000000
0.000000
0.000000
0.000000
0.000000
0.000000
0.000000
0.000000
0.000000
0.000000
0.000000
0.000000
0.000000
0.000000
0.000000
0.000000
0.000000
0.000000
0.000000
0.000000
0.000000
0.000000
0.000000
0.000000
0.000000
0.000000
0.000000
0.000000
0.000000
0.000000
0.000000
0.000000
0.000000
0.000000
0.000000
0.000000
0.000000
0.000000
0.000000
0.000000
0.000000
0.000000
0.000000
0.000000
0.000000
0.000000
0.000000
0.000000
0.000000
0.000000
0.000000
0.000000
0.000000
0.000000
0.000000
0.000000
0.000000
0.000000
0.000000
0.000000
0.000000
0.000000
0.000000
0.000000
0.000000
0.000000
0.000000
0.000000
0.000000
0.000000
0.000000
0.000000
0.000000
0.000000
0.000000
0.000000
0.000000
0.000000
0.000000
0.000000
0.000000
0.000000
0.000000
0.000000
0.000000
0.000000
0.000000
0.000000
0.000000
0.000000
0.000000
0.000000
0.000000
0.000000
0.000000
0.000000
0.000000
0.000000
0.000000
0.000000
0.000000
0.000000
0.000000
0.000000
0.000000
0.000000
0.000000
0.000000
0.000000
0.000000
0.000000
0.000000
0.000000
0.000000
0.000000
0.000000
0.000000
0.000000
0.000000
0.000000
0.000000
0.000000
0.000000
0.000000
0.000000
0.000000
0.000000
0.000000
0.000000
0.000000
0.000000
0.000000
0.000000
0.000000
0.000000
0.000000
0.000000
0.000000
