0.000000
0.000000
0.000000
0.000000
0.000000
0.000000
0.000000
0.000000
0.000000
0.000000
0.000000
0.000000
0.000000
0.000000
0.000000
0.000000
0.000000
0.000000
0.000000
0.000000
0.000000
0.000000
0.000000
0.000000
0.000000
0.000000
0.000000
0.000000
0.000000
0.000000
0.000000
0.000000
0.000000
0.000000
0.000000
0.000000
0.000000
0.000000
0.000000
0.000000
0.000000
0.000000
0.000000
0.000000
0.000000
0.000000
0.000000
0.000000
0.000000
0.000000
0.000000
0.000000
0.000000
0.000000
0.000000
0.000000
0.000000
0.000000
0.000000
0.000000
0.000000
0.000000
0.000000
0.000000
0.000000
0.000000
0.000000
0.000000
0.000000
0.000000
0.000000
0.000000
0.000000
0.000000
0.000000
0.000000
0.000000
0.000000
0.000000
0.000000
0.000000
0.000000
0.000000
0.000000
0.000000
0.000000
0.000000
0.000000
0.000000
0.000000
0.000000
0.000000
0.000000
0.000000
0.000000
0.000000
0.000000
0.000000
0.000000
0.000000
0.000000
0.000000
0.000000
0.000000
0.000000
0.000000
0.000000
0.000000
0.000000
0.000000
0.000000
0.000000
0.000000
0.000000
0.000000
0.000000
0.000000
0.000000
0.000000
0.000000
0.000000
0.000000
0.000000
0.000000
0.000000
0.000000
0.000000
0.000000
0.000000
0.000000
0.000000
0.000000
0.000000
0.000000
0.000000
0.000000
0.000000
0.000000
0.000000
0.000000
0.000000
0.000000
0.000000
0.000000
0.000000
0.000000
0.000000
0.000000
0.000000
0.000000
0.000000
0.000000
0.000000
0.000000
0.000000
0.000000
0.000000
0.000000
0.000000
0.000000
0.000000
0.000000
0.000000
0.000000
0.000000
0.000000
0.000000
0.000000
0.000000
0.000000
0.000000
0.000000
0.000000
0.000000
0.000000
0.000000
0.000000
0.000000
0.000000
0.000000
0.000000
0.000000
0.000000
0.000000
0.000000
0.000000
0.000000
0.000000
0.000000
0.000000
0.000000
0.000000
0.000000
0.000000
0.000000
0.000000
0.000000
0.000000
0.000000
0.000000
0.000000
0.000000
0.000000
0.000000
0.000000
0.000000
0.000000
0.000000
0.000000
0.000000
0.000000
0.000000
0.000000
0.000000
0.000000
0.000000
0.000000
0.000000
0.000000
0.000000
0.000000
0.000000
0.000000
0.000000
0.000000
0.000000
0.000000
0.000000
0.000000
0.000000
0.000000
0.000000
0.000000
0.000000
0.000000
0.000000
0.000000
0.000000
0.000000
0.000000
0.000000
0.000000
0.000000
0.000000
0.000000
0.000000
0.000000
0.000000
0.000000
0.000000
0.000000
0.000000
0.000000
0.000000
0.000000
0.000000
0.000000
0.000000
0.000000
0.000000
0.000000
0.000000
0.000000
0.000000
0.000000
0.000000
0.000000
0.000000
0.000000
0.000000
0.000000
0.000000
0.000000
0.000000
0.000000
0.000000
0.000000
0.000000
0.000000
0.000000
0.000000
0.000000
0.000000
0.000000
0.000000
0.000000
0.000000
0.000000
0.000000
0.000000
0.000000
0.000000
0.000000
0.000000
0.000000
0.000000
0.000000
0.000000
0.000000
0.000000
0.000000
0.000000
0.000000
0.000000
0.000000
0.000000
0.000000
0.000000
0.000000
0.000000
0.000000
0.000000
0.000000
0.000000
0.000000
0.000000
0.000000
0.000000
0.000000
0.000000
0.000000
0.000000
0.000000
0.000000
0.000000
0.000000
0.000000
0.000000
0.000000
0.000000
0.000000
0.000000
0.000000
0.000000
0.000000
0.000000
0.000000
0.000000
0.000000
0.000000
0.000000
0.000000
0.000000
0.000000
0.000000
0.000000
0.000000
0.000000
0.000000
0.000000
0.000000
0.000000
0.000000
0.000000
0.000000
0.000000
0.000000
0.000000
0.000000
0.000000
0.000000
0.000000
0.000000
0.000000
0.000000
0.000000
0.000000
0.000000
0.000000
0.000000
0.000000
0.000000
0.000000
0.000000
0.000000
0.000000
0.000000
0.000000
0.000000
0.000000
0.000000
0.000000
0.000000
0.000000
0.000000
0.000000
0.000000
0.000000
0.000000
0.000000
0.000000
0.000000
0.000000
0.000000
0.000000
0.000000
0.000000
0.000000
0.000000
0.000000
0.000000
0.000000
0.000000
0.000000
0.000000
0.000000
0.000000
0.000000
0.000000
0.000000
0.000000
0.000000
0.000000
0.000000
0.000000
0.000000
0.000000
0.000000
0.000000
0.000000
0.000000
0.000000
0.000000
0.000000
0.000000
0.000000
1.035927
2.071854
3.107780
4.143707
5.179634
4.694732
4.209830
3.724928
3.240026
2.755125
3.273088
3.791051
4.309015
4.826978
5.344942
4.981265
4.617589
4.253912
3.890236
3.526559
3.603703
3.680846
3.757990
3.835133
3.912277
4.242892
4.573507
4.904122
5.234737
5.565352
5.245757
4.926163
4.606568
4.286974
3.967379
3.559621
3.151862
2.744104
2.336346
1.928587
2.093895
2.259202
2.424510
2.589817
2.755125
3.240026
3.724928
4.209830
4.694732
5.179634
6.072294
6.964955
7.857615
8.750276
9.642936
9.047829
8.452722
7.857615
7.262508
6.667401
5.741680
4.815958
3.890236
2.964514
2.038792
1.928587
1.818382
1.708177
1.597972
1.487767
1.653075
1.818382
1.983690
2.148997
2.314305
2.347366
2.380428
2.413489
2.446551
2.479612
3.680846
4.882081
6.083315
7.284549
8.485784
10.502535
12.519286
14.536037
16.552788
18.569539
19.825876
21.082213
22.338550
23.594886
24.851223
25.148777
25.446330
25.743884
26.041437
26.338991
28.047168
29.755345
31.463522
33.171699
34.879877
35.662332
36.444787
37.227243
38.009698
38.792153
38.428477
38.064801
37.701124
37.337448
36.973771
32.422305
27.870840
23.319374
18.767908
14.216443
12.144589
10.072735
8.000882
5.929028
3.857174
4.331056
4.804937
5.278819
5.752700
6.226581
6.292704
6.358827
6.424950
6.491073
6.557196
7.571082
8.584968
9.598854
10.612740
11.626626
11.990302
12.353978
12.717655
13.081331
13.445008
14.525017
15.605025
16.685034
17.765043
18.845052
18.249945
17.654838
17.059731
16.464624
15.869517
16.078907
16.288296
16.497686
16.707075
16.916465
17.158916
17.401367
17.643818
17.886268
18.128719
18.911175
19.693630
20.476086
21.258541
22.040996
24.212034
26.383073
28.554111
30.725149
32.896187
34.372934
35.849680
37.326427
38.803174
40.279921
36.929689
33.579458
30.229226
26.878995
23.528764
21.974873
20.420983
18.867093
17.313203
15.759312
15.946661
16.134009
16.321358
16.508706
16.696055
16.938506
17.180957
17.423408
17.665858
17.908309
21.478951
25.049592
28.620234
32.190875
35.761516
40.235839
44.710161
49.184483
53.658805
58.133128
55.929028
53.724928
51.520829
49.316729
47.112629
45.768129
44.423628
43.079127
41.734626
40.390126
40.941151
41.492175
42.043200
42.594225
43.145250
42.495041
41.844831
41.194622
40.544413
39.894203
36.896628
33.899052
30.901477
27.903901
24.906326
22.481816
20.057307
17.632797
15.208287
12.783778
12.585409
12.387040
12.188671
11.990302
11.791933
14.084197
16.376460
18.668724
20.960987
23.253251
21.897730
20.542209
19.186687
17.831166
16.475645
15.649107
14.822570
13.996033
13.169495
12.342958
13.059290
13.775623
14.491955
15.208287
15.924620
15.164205
14.403791
13.643377
12.882962
12.122548
14.084197
16.045845
18.007494
19.969143
21.930791
25.523474
29.116156
32.708838
36.301521
39.894203
43.288517
46.682830
50.077143
53.471457
56.865770
57.780472
58.695173
59.609874
60.524576
61.439277
58.937624
56.435971
53.934318
51.432665
48.931012
44.798325
40.665638
36.532951
32.400264
28.267578
35.827639
43.387701
50.947763
58.507825
66.067886
67.765043
69.462200
71.159356
72.856513
74.553670
70.277717
66.001763
61.725810
57.449857
53.173903
47.817941
42.461979
37.106017
31.750055
26.394093
25.413269
24.432444
23.451620
22.470796
21.489971
22.107119
22.724267
23.341415
23.958563
24.575711
22.801411
21.027110
19.252810
17.478510
15.704210
14.326648
12.949085
11.571523
10.193961
8.816399
8.948644
9.080890
9.213136
9.345382
9.477628
11.097642
12.717655
14.337668
15.957681
17.577695
19.186687
20.795680
22.404673
24.013665
25.622658
23.694071
21.765484
19.836897
17.908309
15.979722
14.954816
13.929910
12.905003
11.880097
10.855191
9.609874
8.364558
7.119242
5.873926
4.628609
4.297994
3.967379
3.636764
3.306149
2.975534
3.416354
3.857174
4.297994
4.738814
5.179634
8.287415
11.395195
14.502976
17.610756
20.718536
19.098523
17.478510
15.858497
14.238484
12.618470
10.811109
9.003747
7.196385
5.389024
3.581662
3.890236
4.198810
4.507384
4.815958
5.124532
12.574388
20.024245
27.474102
34.923959
42.373815
46.991404
51.608993
56.226581
60.844170
65.461759
73.484682
81.507604
89.530527
97.553449
105.576372
109.786202
113.996033
118.205863
122.415693
126.625523
122.691206
118.756888
114.822570
110.888252
106.953934
104.705753
102.457571
100.209389
97.961208
95.713026
92.384836
89.056645
85.728455
82.400264
79.072074
70.476086
61.880097
53.284108
44.688120
36.092131
32.719859
29.347587
25.975314
22.603042
19.230769
21.710381
24.189993
26.669605
29.149218
31.628830
30.449636
29.270443
28.091250
26.912056
25.732863
24.840203
23.947542
23.054882
22.162222
21.269561
21.831607
22.393652
22.955698
23.517743
24.079788
22.360591
20.641393
18.922195
17.202998
15.483800
13.533172
11.582544
9.631915
7.681287
5.730659
5.389024
5.047388
4.705753
4.364117
4.022482
3.901256
3.780031
3.658805
3.537580
3.416354
3.361252
3.306149
3.251047
3.195944
3.140842
3.173903
3.206965
3.240026
3.273088
3.306149
3.206965
3.107780
3.008596
2.909412
2.810227
2.677981
2.545735
2.413489
2.281243
2.148997
1.950628
1.752259
1.553890
1.355521
1.157152
1.046947
0.936742
0.826537
0.716332
0.606127
0.573066
0.540004
0.506943
0.473881
0.440820
0.352656
0.264492
0.176328
0.088164
0.000000
0.000000
0.000000
0.000000
0.000000
0.000000
0.000000
0.000000
0.000000
0.000000
0.000000
0.000000
0.000000
0.000000
0.000000
0.000000
0.000000
0.000000
0.000000
0.000000
0.000000
0.000000
0.000000
0.000000
0.000000
0.000000
0.000000
0.000000
0.000000
0.000000
0.000000
0.000000
0.000000
0.000000
0.000000
0.000000
0.000000
0.000000
0.000000
0.000000
0.000000
0.000000
0.000000
0.000000
0.000000
0.000000
0.000000
0.000000
0.000000
0.000000
0.000000
0.000000
0.000000
0.000000
0.000000
0.000000
0.000000
0.000000
0.000000
0.000000
0.000000
0.000000
0.000000
0.000000
0.000000
0.000000
0.000000
0.000000
0.000000
0.000000
0.000000
0.000000
0.000000
0.000000
0.000000
0.000000
0.000000
0.000000
0.000000
0.000000
0.000000
0.000000
0.000000
0.000000
0.000000
0.000000
0.000000
0.000000
0.000000
0.000000
0.000000
0.000000
0.000000
0.000000
0.000000
0.000000
0.000000
0.000000
0.000000
0.000000
0.000000
0.000000
0.000000
0.000000
0.000000
0.000000
0.000000
0.000000
0.000000
0.000000
0.000000
0.000000
0.000000
0.000000
0.000000
0.000000
0.000000
0.000000
0.000000
0.000000
0.000000
0.000000
0.000000
0.000000
0.000000
0.000000
0.000000
0.000000
0.000000
0.000000
0.000000
0.000000
0.000000
0.000000
0.000000
0.000000
0.000000
0.000000
0.000000
0.000000
0.000000
0.000000
0.000000
0.000000
0.000000
0.000000
0.000000
0.000000
0.000000
0.000000
0.000000
0.000000
0.000000
0.000000
0.000000
0.000000
0.000000
0.000000
0.000000
0.000000
0.000000
0.000000
0.000000
0.000000
0.000000
0.000000
0.000000
0.000000
0.000000
0.000000
0.000000
0.000000
0.000000
0.000000
0.000000
0.000000
0.000000
0.000000
0.000000
0.000000
0.000000
0.000000
0.000000
0.000000
0.000000
0.000000
0.000000
0.000000
0.000000
0.000000
0.000000
0.000000
0.000000
0.000000
0.000000
0.000000
0.000000
0.000000
0.000000
0.000000
0.000000
0.000000
0.000000
0.000000
0.000000
0.000000
0.000000
0.000000
0.000000
0.000000
0.000000
0.000000
0.000000
0.000000
0.000000
0.000000
0.000000
0.000000
0.000000
0.000000
0.000000
0.000000
0.000000
0.000000
0.000000
0.000000
0.000000
0.000000
0.000000
0.000000
0.000000
0.000000
0.000000
0.000000
0.000000
0.000000
0.000000
0.000000
0.000000
0.000000
0.000000
0.000000
0.000000
0.000000
0.000000
0.000000
0.000000
0.000000
0.000000
0.000000
0.000000
0.000000
0.000000
0.000000
0.000000
0.000000
0.000000
0.000000
0.000000
0.000000
0.000000
0.000000
0.000000
0.000000
0.000000
0.000000
0.000000
0.000000
0.000000
0.000000
0.000000
0.000000
0.000000
0.000000
0.000000
0.000000
0.000000
0.000000
0.000000
0.000000
0.000000
0.000000
0.000000
0.000000
0.000000
0.000000
0.000000
0.000000
0.000000
0.000000
0.000000
0.000000
0.000000
0.000000
0.000000
0.000000
0.000000
0.000000
0.000000
0.000000
0.000000
0.000000
0.000000
0.000000
0.000000
0.000000
0.000000
0.000000
0.000000
0.000000
0.000000
0.000000
0.000000
0.000000
0.000000
0.000000
0.000000
0.000000
0.000000
0.000000
0.000000
0.000000
0.000000
0.000000
0.000000
0.000000
0.000000
0.000000
0.000000
0.000000
0.000000
0.000000
0.000000
0.000000
0.000000
0.000000
0.000000
0.000000
0.000000
0.000000
0.000000
0.000000
0.000000
0.000000
0.000000
0.000000
0.000000
0.000000
0.000000
0.000000
0.000000
0.000000
0.000000
0.000000
0.000000
0.000000
0.000000
0.000000
0.000000
0.000000
0.000000
0.000000
0.000000
0.000000
0.000000
0.000000
0.000000
0.000000
0.000000
0.000000
0.000000
0.000000
0.000000
0.000000
0.000000
0.000000
0.000000
0.000000
0.000000
0.000000
0.000000
0.000000
0.000000
0.000000
0.000000
0.000000
0.000000
0.000000
0.000000
0.000000
0.000000
0.000000
0.000000
0.000000
0.000000
0.000000
0.000000
0.000000
0.000000
0.000000
0.000000
0.000000
0.000000
0.000000
0.000000
0.000000
0.000000
0.000000
0.000000
0.000000
0.000000
0.000000
0.000000
0.000000
0.000000
0.000000
0.000000
0.000000
0.000000
0.000000
0.000000
0.000000
0.000000
0.000000
0.000000
0.000000
0.000000
0.000000
0.000000
0.000000
0.000000
0.000000
0.000000
0.000000
0.000000
0.000000
0.000000
0.000000
0.000000
0.000000
0.000000
0.000000
0.000000
0.000000
0.000000
0.000000
0.000000
0.000000
0.000000
0.000000
0.000000
0.000000
0.000000
0.000000
0.000000
0.000000
0.000000
0.000000
0.000000
0.000000
0.000000
0.000000
0.000000
0.000000
0.000000
0.000000
0.000000
0.000000
0.000000
0.000000
0.000000
0.000000
0.000000
0.000000
0.000000
0.000000
0.000000
0.000000
0.000000
0.000000
0.000000
0.000000
0.000000
0.000000
0.000000
0.000000
0.000000
0.000000
0.000000
0.000000
0.000000
