0.000000
0.000000
0.000000
0.000000
0.000000
0.000000
0.000000
0.000000
0.000000
0.000000
0.000000
0.000000
0.000000
0.000000
0.000000
0.000000
0.000000
0.000000
0.000000
0.000000
0.000000
0.000000
0.000000
0.000000
0.000000
0.000000
0.000000
0.000000
0.000000
0.000000
0.000000
0.000000
0.000000
0.000000
0.000000
0.000000
0.000000
0.000000
0.000000
0.000000
0.000000
0.000000
0.000000
0.000000
0.000000
0.000000
0.000000
0.000000
0.000000
0.000000
0.000000
0.000000
0.000000
0.000000
0.000000
0.000000
0.000000
0.000000
0.000000
0.000000
0.000000
0.000000
0.000000
0.000000
0.000000
0.000000
0.000000
0.000000
0.000000
0.000000
0.000000
0.000000
0.000000
0.000000
0.000000
0.000000
0.000000
0.000000
0.000000
0.000000
0.000000
0.000000
0.000000
0.000000
0.000000
0.000000
0.000000
0.000000
0.000000
0.000000
0.000000
0.000000
0.000000
0.000000
0.000000
0.000000
0.000000
0.000000
0.000000
0.000000
0.000000
0.000000
0.000000
0.000000
0.000000
0.000000
0.000000
0.000000
0.000000
0.000000
0.000000
0.000000
0.000000
0.000000
0.000000
0.000000
0.000000
0.000000
0.000000
0.000000
0.000000
0.000000
0.000000
0.000000
0.000000
0.000000
0.000000
0.000000
0.000000
0.000000
0.000000
0.000000
0.000000
0.000000
0.000000
0.000000
0.000000
0.000000
0.000000
0.000000
0.000000
0.000000
0.000000
0.000000
0.000000
0.000000
0.000000
0.000000
0.000000
0.000000
0.000000
0.000000
0.000000
0.000000
0.000000
0.000000
0.000000
0.000000
0.000000
0.000000
0.000000
0.000000
0.000000
0.000000
0.000000
0.000000
0.000000
0.000000
0.000000
0.000000
0.000000
0.000000
0.000000
0.000000
0.000000
0.000000
0.000000
0.000000
0.000000
0.000000
0.000000
0.000000
0.000000
0.000000
0.000000
0.000000
0.000000
0.000000
0.000000
0.000000
0.000000
0.000000
0.000000
0.000000
0.000000
0.000000
0.000000
0.000000
0.000000
0.000000
0.000000
0.000000
0.000000
0.000000
0.000000
0.000000
0.000000
0.000000
0.000000
0.000000
0.000000
0.000000
0.000000
0.000000
0.000000
0.000000
0.000000
0.000000
0.000000
0.000000
0.000000
0.000000
0.000000
0.000000
0.000000
0.000000
0.000000
0.000000
0.000000
0.000000
0.000000
0.000000
0.000000
0.000000
0.000000
0.000000
0.000000
0.000000
0.000000
0.000000
0.000000
0.000000
0.000000
0.000000
0.000000
0.000000
0.000000
0.000000
0.000000
0.000000
0.000000
0.000000
0.000000
0.000000
0.000000
0.000000
0.000000
0.000000
0.000000
0.000000
0.000000
0.000000
0.000000
0.000000
0.000000
0.000000
0.000000
0.000000
0.000000
0.000000
0.000000
0.000000
0.000000
0.000000
0.000000
0.000000
0.000000
0.000000
0.000000
0.000000
0.000000
0.000000
0.000000
0.000000
0.000000
0.000000
0.000000
0.000000
0.000000
0.000000
0.000000
0.000000
0.000000
0.000000
0.000000
0.000000
0.000000
0.000000
0.000000
0.000000
0.000000
0.000000
0.000000
0.000000
0.000000
0.000000
0.000000
0.000000
0.000000
0.000000
0.000000
0.000000
0.000000
0.000000
0.000000
0.000000
0.000000
0.000000
0.000000
0.000000
0.000000
0.000000
0.000000
0.000000
0.000000
0.000000
0.000000
0.000000
0.000000
0.000000
0.000000
0.000000
0.000000
0.000000
0.000000
0.000000
0.000000
0.000000
0.000000
0.000000
0.000000
0.000000
0.000000
0.000000
0.000000
0.000000
0.000000
0.000000
0.000000
0.000000
0.000000
0.000000
0.000000
0.000000
0.000000
0.000000
0.000000
0.000000
0.000000
0.000000
0.000000
0.000000
0.000000
0.000000
0.000000
0.000000
0.000000
0.000000
0.000000
0.000000
0.000000
0.000000
0.000000
0.000000
0.000000
0.000000
0.000000
0.000000
0.000000
0.000000
0.000000
0.000000
0.000000
0.000000
0.000000
0.000000
0.000000
0.000000
0.000000
0.000000
0.000000
0.000000
0.000000
0.000000
0.000000
0.000000
0.000000
0.000000
0.000000
0.000000
0.000000
0.000000
0.000000
0.000000
0.000000
0.000000
0.000000
0.000000
0.000000
0.000000
0.000000
0.000000
0.000000
0.000000
0.000000
0.000000
0.000000
0.000000
0.000000
0.000000
0.000000
0.088164
0.176328
0.264492
0.352656
0.440820
0.793476
1.146132
1.498788
1.851444
2.204100
2.644920
3.085739
3.526559
3.967379
4.408199
4.882081
5.355962
5.829844
6.303725
6.777606
6.832709
6.887811
6.942914
6.998016
7.053119
7.582103
8.111087
8.640071
9.169054
9.698038
10.414371
11.130703
11.847035
12.563368
13.279700
14.084197
14.888693
15.693189
16.497686
17.302182
18.690765
20.079348
21.467930
22.856513
24.245096
24.807141
25.369187
25.931232
26.493277
27.055323
26.812872
26.570421
26.327970
26.085519
25.843068
26.383073
26.923077
27.463081
28.003086
28.543090
30.152083
31.761076
33.370068
34.979061
36.588054
36.257439
35.926824
35.596209
35.265594
34.934979
33.017412
31.099846
29.182279
27.264712
25.347146
23.903460
22.459775
21.016090
19.572405
18.128719
18.867093
19.605466
20.343840
21.082213
21.820586
22.977739
24.134891
25.292043
26.449196
27.606348
27.418999
27.231651
27.044302
26.856954
26.669605
26.305929
25.942253
25.578576
25.214900
24.851223
23.109985
21.368746
19.627507
17.886268
16.145030
16.211153
16.277276
16.343399
16.409522
16.475645
16.156050
15.836456
15.516861
15.197267
14.877672
14.458894
14.040115
13.621336
13.202557
12.783778
13.764602
14.745426
15.726251
16.707075
17.687899
17.765043
17.842186
17.919330
17.996473
18.073617
18.470355
18.867093
19.263831
19.660569
20.057307
21.556094
23.054882
24.553670
26.052458
27.551245
29.413709
31.276174
33.138638
35.001102
36.863566
37.943575
39.023584
40.103593
41.183601
42.263610
43.575050
44.886489
46.197928
47.509367
48.820807
48.556315
48.291823
48.027331
47.762839
47.498347
46.186908
44.875468
43.564029
42.252590
40.941151
40.533392
40.125634
39.717875
39.310117
38.902358
37.745206
36.588054
35.430901
34.273749
33.116597
33.667622
34.218647
34.769672
35.320696
35.871721
35.100287
34.328852
33.557417
32.785982
32.014547
32.499449
32.984351
33.469253
33.954155
34.439057
36.301521
38.163985
40.026449
41.888913
43.751378
46.297113
48.842848
51.388583
53.934318
56.480053
57.086180
57.692308
58.298435
58.904562
59.510690
59.830284
60.149879
60.469473
60.789068
61.108662
61.064580
61.020498
60.976416
60.932334
60.888252
59.598854
58.309456
57.020057
55.730659
54.441261
53.967379
53.493498
53.019616
52.545735
52.071854
53.030637
53.989420
54.948204
55.906987
56.865770
57.912718
58.959665
60.006612
61.053560
62.100507
62.298876
62.497245
62.695614
62.893983
63.092352
64.150320
65.208287
66.266255
67.324223
68.382191
70.101389
71.820586
73.539784
75.258982
76.978179
78.862685
80.747190
82.631695
84.516200
86.400705
87.447653
88.494600
89.541547
90.588495
91.635442
89.144809
86.654177
84.163544
81.672912
79.182279
81.221071
83.259863
85.298655
87.337448
89.376240
88.836235
88.296231
87.756227
87.216222
86.676218
88.285210
89.894203
91.503196
93.112189
94.721181
104.165748
113.610315
123.054882
132.499449
141.944016
141.789729
141.635442
141.481155
141.326868
141.172581
160.028653
178.884726
197.740798
216.596870
235.452942
228.928808
222.404673
215.880538
209.356403
202.832268
194.941591
187.050915
179.160238
171.269561
163.378885
154.573507
145.768129
136.962751
128.157373
119.351995
125.490412
131.628830
137.767247
143.905665
150.044082
149.636324
149.228565
148.820807
148.413048
148.005290
146.693851
145.382411
144.070972
142.759533
141.448093
149.856734
158.265374
166.674014
175.082654
183.491294
187.271325
191.051356
194.831386
198.611417
202.391448
191.293806
180.196165
169.098523
158.000882
146.903240
137.568878
128.234516
118.900154
109.565792
100.231430
96.726912
93.222394
89.717875
86.213357
82.708838
88.582764
94.456689
100.330615
106.204540
112.078466
111.152744
110.227022
109.301300
108.375579
107.449857
102.457571
97.465285
92.473000
87.480714
82.488428
80.791272
79.094115
77.396958
75.699802
74.002645
73.010800
72.018955
71.027110
70.035266
69.043421
70.002204
70.960987
71.919771
72.878554
73.837337
73.804276
73.771214
73.738153
73.705091
73.672030
72.856513
72.040996
71.225479
70.409963
69.594446
70.420983
71.247520
72.074058
72.900595
73.727132
75.214900
76.702667
78.190434
79.678201
81.165969
81.948424
82.730879
83.513335
84.295790
85.078246
86.301521
87.524796
88.748071
89.971347
91.194622
91.723606
92.252590
92.781574
93.310558
93.839542
90.764823
87.690104
84.615385
81.540666
78.465947
77.385938
76.305929
75.225920
74.145911
73.065903
83.777827
94.489751
105.201675
115.913599
126.625523
133.116597
139.607670
146.098744
152.589817
159.080890
155.752700
152.424510
149.096319
145.768129
142.439938
146.385277
150.330615
154.275953
158.221292
162.166630
167.059731
171.952832
176.845933
181.739035
186.632136
185.166410
183.700683
182.234957
180.769231
179.303505
169.594446
159.885387
150.176328
140.467269
130.758210
123.374477
115.990743
108.607009
101.223275
93.839542
96.980384
100.121225
103.262067
106.402909
109.543751
116.861362
124.178973
131.496584
138.814194
146.131805
147.366101
148.600397
149.834693
151.068988
152.303284
146.804056
141.304827
135.805598
130.306370
124.807141
121.776504
118.745867
115.715230
112.684593
109.653956
106.535155
103.416354
100.297553
97.178752
94.059952
89.607670
85.155389
80.703108
76.250827
71.798545
69.274851
66.751157
64.227463
61.703769
59.180075
57.967820
56.755565
55.543311
54.331056
53.118801
51.994710
50.870619
49.746529
48.622438
47.498347
46.242010
44.985673
43.729337
42.473000
41.216663
40.147675
39.078686
38.009698
36.940710
35.871721
34.912938
33.954155
32.995371
32.036588
31.077805
30.130042
29.182279
28.234516
27.286753
26.338991
25.512453
24.685916
23.859378
23.032841
22.206304
21.467930
20.729557
19.991184
19.252810
18.514437
17.831166
17.147895
16.464624
15.781353
15.098082
14.502976
13.907869
13.312762
12.717655
12.122548
11.626626
11.130703
10.634781
10.138858
9.642936
9.213136
8.783337
8.353538
7.923738
7.493939
7.064139
6.634340
6.204540
5.774741
5.344942
4.893101
4.441261
3.989420
3.537580
3.085739
2.468592
1.851444
1.234296
0.617148
0.000000
0.000000
0.000000
0.000000
0.000000
0.000000
0.000000
0.000000
0.000000
0.000000
0.000000
0.000000
0.000000
0.000000
0.000000
0.000000
0.000000
0.000000
0.000000
0.000000
0.000000
0.000000
0.000000
0.000000
0.000000
0.000000
0.000000
0.000000
0.000000
0.000000
0.000000
0.000000
0.000000
0.000000
0.000000
0.000000
0.000000
0.000000
0.000000
0.000000
0.000000
0.000000
0.000000
0.000000
0.000000
0.000000
0.000000
0.000000
0.000000
0.000000
0.000000
0.000000
0.000000
0.000000
0.000000
0.000000
0.000000
0.000000
0.000000
0.000000
0.000000
0.000000
0.000000
0.000000
0.000000
0.000000
0.000000
0.000000
0.000000
0.000000
0.000000
0.000000
0.000000
0.000000
0.000000
0.000000
0.000000
0.000000
0.000000
0.000000
0.000000
0.000000
0.000000
0.000000
0.000000
0.000000
0.000000
0.000000
0.000000
0.000000
0.000000
0.000000
0.000000
0.000000
0.000000
0.000000
0.000000
0.000000
0.000000
0.000000
0.000000
0.000000
0.000000
0.000000
0.000000
0.000000
0.000000
0.000000
0.000000
0.000000
0.000000
0.000000
0.000000
0.000000
0.000000
0.000000
0.000000
0.000000
0.000000
0.000000
0.000000
0.000000
0.000000
0.000000
0.000000
0.000000
0.000000
0.000000
0.000000
0.000000
0.000000
0.000000
0.000000
0.000000
0.000000
0.000000
0.000000
0.000000
0.000000
0.000000
0.000000
0.000000
0.000000
0.000000
0.000000
0.000000
0.000000
0.000000
0.000000
0.000000
0.000000
0.000000
0.000000
0.000000
0.000000
0.000000
0.000000
0.000000
0.000000
0.000000
0.000000
0.000000
0.000000
0.000000
0.000000
0.000000
0.000000
0.000000
0.000000
0.000000
0.000000
0.000000
0.000000
0.000000
0.000000
0.000000
0.000000
0.000000
0.000000
0.000000
0.000000
0.000000
0.000000
0.000000
0.000000
0.000000
0.000000
0.000000
0.000000
0.000000
0.000000
0.000000
0.000000
0.000000
0.000000
0.000000
0.000000
0.000000
0.000000
0.000000
0.000000
0.000000
0.000000
0.000000
0.000000
0.000000
0.000000
0.000000
0.000000
0.000000
0.000000
0.000000
0.000000
0.000000
0.000000
0.000000
0.000000
0.000000
0.000000
0.000000
0.000000
0.000000
0.000000
0.000000
0.000000
0.000000
0.000000
0.000000
0.000000
0.000000
0.000000
0.000000
0.000000
0.000000
0.000000
0.000000
0.000000
0.000000
0.000000
0.000000
0.000000
0.000000
0.000000
0.000000
0.000000
0.000000
0.000000
0.000000
0.000000
0.000000
0.000000
0.000000
0.000000
0.000000
0.000000
0.000000
0.000000
0.000000
0.000000
0.000000
0.000000
0.000000
0.000000
0.000000
0.000000
0.000000
0.000000
0.000000
0.000000
0.000000
0.000000
0.000000
0.000000
0.000000
0.000000
0.000000
0.000000
0.000000
0.000000
0.000000
0.000000
0.000000
0.000000
0.000000
0.000000
0.000000
0.000000
0.000000
0.000000
0.000000
0.000000
0.000000
0.000000
0.000000
0.000000
0.000000
0.000000
0.000000
0.000000
0.000000
0.000000
0.000000
0.000000
0.000000
0.000000
0.000000
0.000000
0.000000
0.000000
0.000000
0.000000
0.000000
0.000000
0.000000
0.000000
0.000000
0.000000
0.000000
0.000000
0.000000
0.000000
0.000000
0.000000
0.000000
0.000000
0.000000
0.000000
0.000000
0.000000
0.000000
0.000000
0.000000
0.000000
0.000000
0.000000
0.000000
0.000000
0.000000
0.000000
0.000000
0.000000
0.000000
0.000000
0.000000
0.000000
0.000000
0.000000
0.000000
0.000000
0.000000
0.000000
0.000000
0.000000
0.000000
0.000000
0.000000
0.000000
0.000000
0.000000
0.000000
0.000000
0.000000
0.000000
0.000000
0.000000
0.000000
0.000000
0.000000
0.000000
0.000000
0.000000
0.000000
0.000000
0.000000
0.000000
0.000000
0.000000
0.000000
0.000000
0.000000
0.000000
0.000000
0.000000
0.000000
0.000000
0.000000
0.000000
0.000000
0.000000
0.000000
0.000000
0.000000
0.000000
0.000000
0.000000
0.000000
0.000000
0.000000
0.000000
0.000000
0.000000
0.000000
0.000000
0.000000
0.000000
0.000000
0.000000
0.000000
0.000000
0.000000
0.000000
0.000000
0.000000
0.000000
0.000000
0.000000
0.000000
0.000000
0.000000
0.000000
0.000000
0.000000
0.000000
0.000000
0.000000
0.000000
0.000000
0.000000
0.000000
0.000000
0.000000
0.000000
0.000000
0.000000
0.000000
0.000000
0.000000
0.000000
0.000000
0.000000
