0.000000
0.000000
0.000000
0.000000
0.000000
0.000000
0.000000
0.000000
0.000000
0.000000
0.000000
0.000000
0.000000
0.000000
0.000000
0.000000
0.000000
0.000000
0.000000
0.000000
0.000000
0.000000
0.000000
0.000000
0.000000
0.000000
0.000000
0.000000
0.000000
0.000000
0.000000
0.000000
0.000000
0.000000
0.000000
0.000000
0.000000
0.000000
0.000000
0.000000
0.000000
0.000000
0.000000
0.000000
0.000000
0.000000
0.000000
0.000000
0.000000
0.000000
0.000000
0.000000
0.000000
0.000000
0.000000
0.000000
0.000000
0.000000
0.000000
0.000000
0.000000
0.000000
0.000000
0.000000
0.000000
0.000000
0.000000
0.000000
0.000000
0.000000
0.000000
0.000000
0.000000
0.000000
0.000000
0.000000
0.000000
0.000000
0.000000
0.000000
0.000000
0.000000
0.000000
0.000000
0.000000
0.000000
0.000000
0.000000
0.000000
0.000000
0.000000
0.000000
0.000000
0.000000
0.000000
0.000000
0.000000
0.000000
0.000000
0.000000
0.000000
0.000000
0.000000
0.000000
0.000000
0.000000
0.000000
0.000000
0.000000
0.000000
0.000000
0.000000
0.000000
0.000000
0.000000
0.000000
0.000000
0.000000
0.000000
0.000000
0.000000
0.000000
0.000000
0.000000
0.000000
0.000000
0.000000
0.000000
0.000000
0.000000
0.000000
0.000000
0.000000
0.000000
0.000000
0.000000
0.000000
0.000000
0.000000
0.000000
0.000000
0.000000
0.000000
0.000000
0.000000
0.000000
0.000000
0.000000
0.000000
0.000000
0.000000
0.000000
0.000000
0.000000
0.000000
0.000000
0.000000
0.000000
0.000000
0.000000
0.000000
0.000000
0.000000
0.000000
0.000000
0.000000
0.000000
0.000000
0.000000
0.000000
0.000000
0.000000
0.000000
0.000000
0.000000
0.000000
0.000000
0.000000
0.000000
0.000000
0.000000
0.000000
0.000000
0.000000
0.000000
0.000000
0.000000
0.000000
0.000000
0.000000
0.000000
0.000000
0.000000
0.000000
0.000000
0.000000
0.000000
0.000000
0.000000
0.000000
0.000000
0.000000
0.000000
0.000000
0.000000
0.000000
0.000000
0.000000
0.000000
0.000000
0.000000
0.000000
0.000000
0.000000
0.000000
0.000000
0.000000
0.000000
0.000000
0.000000
0.000000
0.000000
0.000000
0.000000
0.000000
0.000000
0.000000
0.000000
0.000000
0.000000
0.000000
0.000000
0.000000
0.000000
0.000000
0.000000
0.000000
0.000000
0.000000
0.000000
0.000000
0.000000
0.000000
0.000000
0.000000
0.000000
0.000000
0.000000
0.000000
0.000000
0.000000
0.000000
0.000000
0.000000
0.000000
0.000000
0.000000
0.000000
0.000000
0.000000
0.000000
0.000000
0.000000
0.000000
0.000000
0.000000
0.000000
0.000000
0.000000
0.000000
0.000000
0.000000
0.000000
0.000000
0.000000
0.000000
0.000000
0.000000
0.000000
0.000000
0.000000
0.000000
0.000000
0.000000
0.000000
0.000000
0.000000
0.000000
0.000000
0.000000
0.000000
0.000000
0.000000
0.000000
0.000000
0.000000
0.000000
0.000000
0.000000
0.000000
0.000000
0.000000
0.000000
0.000000
0.000000
0.000000
0.000000
0.000000
0.000000
0.000000
0.000000
0.000000
0.000000
0.000000
0.000000
0.000000
0.000000
0.000000
0.000000
0.000000
0.000000
0.000000
0.000000
0.000000
0.000000
0.000000
0.000000
0.000000
0.000000
0.000000
0.000000
0.000000
0.000000
0.000000
0.000000
0.000000
0.000000
0.000000
0.000000
0.000000
0.000000
0.000000
0.000000
0.000000
0.000000
0.000000
0.000000
0.000000
0.000000
0.000000
0.000000
0.000000
0.000000
0.000000
0.000000
0.000000
0.000000
0.000000
0.000000
0.000000
0.000000
0.033061
0.066123
0.099184
0.132246
0.165307
0.176328
0.187348
0.198369
0.209389
0.220410
0.220410
0.220410
0.220410
0.220410
0.220410
0.220410
0.220410
0.220410
0.220410
0.220410
0.220410
0.220410
0.220410
0.220410
0.220410
0.220410
0.220410
0.220410
0.220410
0.220410
0.220410
0.220410
0.220410
0.220410
0.220410
0.187348
0.154287
0.121225
0.088164
0.055102
0.154287
0.253471
0.352656
0.451840
0.551025
0.837558
1.124091
1.410624
1.697157
1.983690
2.259202
2.534715
2.810227
3.085739
3.361252
3.647785
3.934318
4.220851
4.507384
4.793917
5.069429
5.344942
5.620454
5.895966
6.171479
6.424950
6.678422
6.931893
7.185365
7.438836
7.725369
8.011902
8.298435
8.584968
8.871501
9.180075
9.488649
9.797223
10.105797
10.414371
10.744986
11.075601
11.406216
11.736831
12.067445
12.364999
12.662552
12.960106
13.257659
13.555213
13.973992
14.392771
14.811549
15.230328
15.649107
16.134009
16.618911
17.103813
17.588715
18.073617
18.878113
19.682610
20.487106
21.291602
22.096099
22.944677
23.793255
24.641834
25.490412
26.338991
27.286753
28.234516
29.182279
30.130042
31.077805
31.705973
32.334142
32.962310
33.590478
34.218647
35.089266
35.959885
36.830505
37.701124
38.571743
40.434208
42.296672
44.159136
46.021600
47.884064
49.437955
50.991845
52.545735
54.099625
55.653516
56.755565
57.857615
58.959665
60.061715
61.163765
62.089486
63.015208
63.940930
64.866652
65.792374
67.225039
68.657703
70.090368
71.523033
72.955698
74.630813
76.305929
77.981045
79.656160
81.331276
82.576592
83.821909
85.067225
86.312541
87.557858
88.891338
90.224818
91.558298
92.891779
94.225259
96.253031
98.280802
100.308574
102.336346
104.364117
107.196385
110.028653
112.860921
115.693189
118.525457
121.545074
124.564690
127.584307
130.603923
133.623540
136.136213
138.648887
141.161561
143.674234
146.186908
148.104474
150.022041
151.939608
153.857174
155.774741
157.306590
158.838439
160.370289
161.902138
163.433987
164.987877
166.541768
168.095658
169.649548
171.203438
172.691206
174.178973
175.666740
177.154507
178.642275
180.030857
181.419440
182.808023
184.196606
185.585188
186.995812
188.406436
189.817060
191.227683
192.638307
193.971788
195.305268
196.638748
197.972228
199.305709
200.628168
201.950628
203.273088
204.595548
205.918007
207.460877
209.003747
210.546617
212.089486
213.632356
215.142164
216.651973
218.161781
219.671589
221.181397
222.691206
224.201014
225.710822
227.220630
228.730439
230.063919
231.397399
232.730879
234.064360
235.397840
236.588054
237.778268
238.968481
240.158695
241.348909
242.506061
243.663214
244.820366
245.977518
247.134670
248.170597
249.206524
250.242451
251.278378
252.314305
253.394313
254.474322
255.554331
256.634340
257.714349
258.816399
259.918448
261.020498
262.122548
263.224598
264.569099
265.913599
267.258100
268.602601
269.947102
271.192418
272.437734
273.683050
274.928367
276.173683
277.132466
278.091250
279.050033
280.008816
280.967600
281.805158
282.642715
283.480273
284.317831
285.155389
286.070090
286.984792
287.899493
288.814194
289.728896
290.676659
291.624421
292.572184
293.519947
294.467710
295.426493
296.385277
297.344060
298.302843
299.261627
300.055102
300.848578
301.642054
302.435530
303.229006
303.945338
304.661671
305.378003
306.094335
306.810668
307.626185
308.441702
309.257218
310.072735
310.888252
311.747851
312.607450
313.467049
314.326648
315.186246
315.979722
316.773198
317.566674
318.360150
319.153626
319.693630
320.233635
320.773639
321.313643
321.853648
322.327529
322.801411
323.275292
323.749173
324.223055
324.663875
325.104695
325.545515
325.986335
326.427155
326.845933
327.264712
327.683491
328.102270
328.521049
328.961869
329.402689
329.843509
330.284329
330.725149
331.309235
331.893322
332.477408
333.061494
333.645581
334.141503
334.637426
335.133348
335.629270
336.125193
336.400705
336.676218
336.951730
337.227243
337.502755
337.767247
338.031739
338.296231
338.560723
338.825215
339.100727
339.376240
339.651752
339.927265
340.202777
340.467269
340.731761
340.996253
341.260745
341.525237
341.789729
342.054221
342.318713
342.583205
342.847697
343.035045
343.222394
343.409742
343.597091
343.784439
344.026890
344.269341
344.511792
344.754243
344.996694
345.095878
345.195063
345.294247
345.393432
345.492616
345.360370
345.228124
345.095878
344.963632
344.831386
344.974653
345.117919
345.261186
345.404452
345.547719
345.768129
345.988539
346.208949
346.429359
346.649769
346.638748
346.627728
346.616707
346.605687
346.594666
346.407318
346.219969
346.032621
345.845272
345.657924
345.459555
345.261186
345.062817
344.864448
344.666079
344.566894
344.467710
344.368525
344.269341
344.170156
343.916685
343.663214
343.409742
343.156271
342.902799
342.627287
342.351774
342.076262
341.800749
341.525237
341.392991
341.260745
341.128499
340.996253
340.864007
340.500331
340.136654
339.772978
339.409301
339.045625
338.681948
338.318272
337.954596
337.590919
337.227243
336.973771
336.720300
336.466828
336.213357
335.959885
335.695393
335.430901
335.166410
334.901918
334.637426
334.152524
333.667622
333.182720
332.697818
332.212916
331.893322
331.573727
331.254133
330.934538
330.614944
330.394534
330.174124
329.953714
329.733304
329.512894
329.005951
328.499008
327.992065
327.485122
326.978179
326.250827
325.523474
324.796121
324.068768
323.341415
322.349570
321.357725
320.365881
319.374036
318.382191
317.390346
316.398501
315.406656
314.414812
313.422967
312.761737
312.100507
311.439277
310.778047
310.116817
309.488649
308.860480
308.232312
307.604144
306.975975
306.325766
305.675557
305.025347
304.375138
303.724928
303.052678
302.380428
301.708177
301.035927
300.363676
299.702447
299.041217
298.379987
297.718757
297.057527
296.385277
295.713026
295.040776
294.368525
293.696275
292.990963
292.285651
291.580339
290.875028
290.169716
289.299096
288.428477
287.557858
286.687238
285.816619
284.626405
283.436191
282.245978
281.055764
279.865550
278.289619
276.713687
275.137756
273.561825
271.985894
271.027110
270.068327
269.109544
268.150760
267.191977
266.145030
265.098082
264.051135
263.004188
261.957240
261.086621
260.216002
259.345382
258.474763
257.604144
256.733524
255.862905
254.992286
254.121666
253.251047
252.391448
251.531849
250.672250
249.812652
248.953053
247.862023
246.770994
245.679965
244.588935
243.497906
241.999118
240.500331
239.001543
237.502755
236.003967
234.317831
232.631695
230.945559
229.259423
227.573286
226.239806
224.906326
223.572845
222.239365
220.905885
219.891999
218.878113
217.864227
216.850342
215.836456
215.065021
214.293586
213.522151
212.750716
211.979281
211.053560
210.127838
209.202116
208.276394
207.350672
206.182499
205.014327
203.846154
202.677981
201.509808
200.220410
198.931012
197.641613
196.352215
195.062817
193.982808
192.902799
191.822790
190.742782
189.662773
188.582764
187.502755
186.422746
185.342737
184.262729
182.819043
181.375358
179.931673
178.487988
177.044302
175.236941
173.429579
171.622217
169.814856
168.007494
166.387481
164.767467
163.147454
161.527441
159.907428
158.353538
156.799647
155.245757
153.691867
152.137977
150.650209
149.162442
147.674675
146.186908
144.699140
143.299537
141.899934
140.500331
139.100727
137.701124
136.202336
134.703549
133.204761
131.705973
130.207185
128.587172
126.967159
125.347146
123.727132
122.107119
120.487106
118.867093
117.247080
115.627066
114.007053
112.398060
110.789068
109.180075
107.571082
105.962089
104.386158
102.810227
101.234296
99.658365
98.082433
96.682830
95.283227
93.883624
92.484020
91.084417
89.497465
87.910514
86.323562
84.736610
83.149658
81.838219
80.526780
79.215341
77.903901
76.592462
75.325105
74.057747
72.790390
71.523033
70.255676
69.098523
67.941371
66.784219
65.627066
64.469914
63.378885
62.287855
61.196826
60.105797
59.014767
57.934759
56.854750
55.774741
54.694732
53.614723
52.358387
51.102050
49.845713
48.589376
47.333039
46.219969
45.106899
43.993829
42.880758
41.767688
40.720741
39.673793
38.626846
37.579899
36.532951
35.574168
34.615385
33.656601
32.697818
31.739035
30.835354
29.931673
29.027992
28.124311
27.220630
26.394093
25.567556
24.741018
23.914481
23.087944
22.371611
21.655279
20.938946
20.222614
19.506282
18.878113
18.249945
17.621777
16.993608
16.365440
15.770333
15.175226
14.580119
13.985012
13.389905
12.938065
12.486224
12.034384
11.582544
11.130703
10.744986
10.359268
9.973551
9.587833
9.202116
8.838439
8.474763
8.111087
7.747410
7.383734
7.053119
6.722504
6.391889
6.061274
5.730659
5.510249
5.289839
5.069429
4.849019
4.628609
4.397179
4.165748
3.934318
3.702887
3.471457
3.251047
3.030637
2.810227
2.589817
2.369407
2.160018
1.950628
1.741239
1.531849
1.322460
1.057968
0.793476
0.528984
0.264492
0.000000
0.000000
0.000000
0.000000
0.000000
0.000000
0.000000
0.000000
0.000000
0.000000
0.000000
0.000000
0.000000
0.000000
0.000000
0.000000
0.000000
0.000000
0.000000
0.000000
0.000000
0.000000
0.000000
0.000000
0.000000
0.000000
0.000000
0.000000
0.000000
0.000000
0.000000
0.000000
0.000000
0.000000
0.000000
0.000000
0.000000
0.000000
0.000000
0.000000
0.000000
0.000000
0.000000
0.000000
0.000000
0.000000
0.000000
0.000000
0.000000
0.000000
0.000000
0.000000
0.000000
0.000000
0.000000
0.000000
0.000000
0.000000
0.000000
0.000000
0.000000
0.000000
0.000000
0.000000
0.000000
0.000000
0.000000
0.000000
0.000000
0.000000
0.000000
0.000000
0.000000
0.000000
0.000000
0.000000
0.000000
0.000000
0.000000
0.000000
0.000000
0.000000
0.000000
0.000000
0.000000
0.000000
0.000000
0.000000
0.000000
0.000000
0.000000
0.000000
0.000000
0.000000
0.000000
0.000000
0.000000
0.000000
0.000000
0.000000
0.000000
0.000000
0.000000
0.000000
0.000000
0.000000
0.000000
0.000000
0.000000
0.000000
0.000000
0.000000
0.000000
0.000000
0.000000
0.000000
0.000000
0.000000
0.000000
0.000000
0.000000
0.000000
0.000000
0.000000
0.000000
0.000000
0.000000
0.000000
0.000000
0.000000
0.000000
0.000000
0.000000
0.000000
0.000000
0.000000
0.000000
0.000000
0.000000
0.000000
0.000000
0.000000
0.000000
0.000000
0.000000
0.000000
0.000000
0.000000
0.000000
0.000000
0.000000
0.000000
0.000000
0.000000
0.000000
0.000000
0.000000
0.000000
0.000000
0.000000
0.000000
0.000000
0.000000
0.000000
0.000000
0.000000
0.000000
0.000000
0.000000
0.000000
0.000000
0.000000
0.000000
0.000000
0.000000
0.000000
0.000000
0.000000
0.000000
0.000000
0.000000
0.000000
0.000000
0.000000
0.000000
0.000000
0.000000
0.000000
0.000000
0.000000
0.000000
0.000000
0.000000
0.000000
0.000000
0.000000
0.000000
0.000000
0.000000
0.000000
0.000000
0.000000
0.000000
0.000000
0.000000
0.000000
0.000000
0.000000
0.000000
0.000000
0.000000
0.000000
0.000000
0.000000
0.000000
0.000000
0.000000
0.000000
0.000000
0.000000
0.000000
0.000000
0.000000
0.000000
0.000000
0.000000
0.000000
0.000000
0.000000
0.000000
0.000000
0.000000
0.000000
0.000000
0.000000
0.000000
0.000000
0.000000
0.000000
0.000000
0.000000
0.000000
0.000000
0.000000
0.000000
0.000000
0.000000
0.000000
0.000000
0.000000
0.000000
0.000000
0.000000
0.000000
0.000000
0.000000
0.000000
0.000000
0.000000
0.000000
