0.000000
0.000000
0.000000
0.000000
0.000000
0.000000
0.000000
0.000000
0.000000
0.000000
0.000000
0.000000
0.000000
0.000000
0.000000
0.000000
0.000000
0.000000
0.000000
0.000000
0.000000
0.000000
0.000000
0.000000
0.000000
0.000000
0.000000
0.000000
0.000000
0.000000
0.000000
0.000000
0.000000
0.000000
0.000000
0.000000
0.000000
0.000000
0.000000
0.000000
0.000000
0.000000
0.000000
0.000000
0.000000
0.000000
0.000000
0.000000
0.000000
0.000000
0.000000
0.000000
0.000000
0.000000
0.000000
0.000000
0.000000
0.000000
0.000000
0.000000
0.000000
0.000000
0.000000
0.000000
0.000000
0.000000
0.000000
0.000000
0.000000
0.000000
0.000000
0.000000
0.000000
0.000000
0.000000
0.000000
0.000000
0.000000
0.000000
0.000000
0.000000
0.000000
0.000000
0.000000
0.000000
0.000000
0.000000
0.000000
0.000000
0.000000
0.000000
0.000000
0.000000
0.000000
0.000000
0.000000
0.000000
0.000000
0.000000
0.000000
0.000000
0.000000
0.000000
0.000000
0.000000
0.000000
0.000000
0.000000
0.000000
0.000000
0.000000
0.000000
0.000000
0.000000
0.000000
0.000000
0.000000
0.000000
0.000000
0.000000
0.000000
0.000000
0.000000
0.000000
0.000000
0.000000
0.000000
0.000000
0.000000
0.000000
0.000000
0.000000
0.000000
0.000000
0.000000
0.000000
0.000000
0.000000
0.000000
0.000000
0.000000
0.000000
0.000000
0.000000
0.000000
0.000000
0.000000
0.000000
0.000000
0.000000
0.000000
0.000000
0.000000
0.000000
0.000000
0.000000
0.000000
0.000000
0.000000
0.000000
0.000000
0.000000
0.000000
0.000000
0.000000
0.000000
0.000000
0.000000
0.000000
0.000000
0.000000
0.000000
0.000000
0.000000
0.000000
0.000000
0.000000
0.000000
0.000000
0.000000
0.000000
0.000000
0.000000
0.000000
0.000000
0.000000
0.000000
0.000000
0.000000
0.000000
0.000000
0.000000
0.000000
0.000000
0.000000
0.000000
0.000000
0.000000
0.000000
0.000000
0.000000
0.000000
0.000000
0.000000
0.000000
0.000000
0.000000
0.000000
0.000000
0.000000
0.000000
0.000000
0.000000
0.000000
0.000000
0.000000
0.000000
0.000000
0.000000
0.000000
0.000000
0.000000
0.000000
0.000000
0.000000
0.000000
0.000000
0.000000
0.000000
0.000000
0.000000
0.000000
0.000000
0.000000
0.000000
0.000000
0.000000
0.000000
0.000000
0.000000
0.000000
0.000000
0.000000
0.000000
0.000000
0.000000
0.000000
0.000000
0.000000
0.000000
0.000000
0.000000
0.000000
0.000000
0.000000
0.000000
0.000000
0.000000
0.000000
0.000000
0.000000
0.000000
0.000000
0.000000
0.000000
0.000000
0.000000
0.000000
0.000000
0.000000
0.000000
0.000000
0.000000
0.000000
0.000000
0.000000
0.000000
0.000000
0.000000
0.000000
0.000000
0.000000
0.000000
0.000000
0.000000
0.000000
0.000000
0.000000
0.000000
0.000000
0.000000
0.000000
0.000000
0.000000
0.000000
0.000000
0.000000
0.000000
0.000000
0.000000
0.000000
0.000000
0.000000
0.000000
0.000000
0.000000
0.000000
0.000000
0.000000
0.000000
0.000000
0.000000
0.000000
0.000000
0.000000
0.000000
0.000000
0.000000
0.000000
0.000000
0.000000
0.000000
0.000000
0.000000
0.000000
0.000000
0.000000
0.000000
0.000000
0.000000
0.000000
0.000000
0.000000
0.000000
0.000000
0.000000
0.000000
0.000000
0.000000
0.000000
0.000000
0.000000
0.000000
0.000000
0.000000
0.000000
0.000000
0.000000
0.000000
0.000000
0.000000
0.000000
0.000000
0.000000
0.000000
0.000000
0.000000
0.000000
0.000000
0.000000
0.000000
0.000000
0.000000
0.000000
0.000000
0.000000
0.000000
0.000000
0.000000
0.000000
0.000000
0.000000
0.000000
0.000000
0.000000
0.000000
0.132246
0.264492
0.396738
0.528984
0.661230
1.024906
1.388583
1.752259
2.115936
2.479612
2.788186
3.096760
3.405334
3.713908
4.022482
4.231871
4.441261
4.650650
4.860040
5.069429
5.234737
5.400044
5.565352
5.730659
5.895966
6.149438
6.402909
6.656381
6.909852
7.163324
7.449857
7.736390
8.022923
8.309456
8.595989
9.102931
9.609874
10.116817
10.623760
11.130703
12.607450
14.084197
15.560943
17.037690
18.514437
18.944236
19.374036
19.803835
20.233635
20.663434
21.291602
21.919771
22.547939
23.176108
23.804276
25.710822
27.617368
29.523914
31.430461
33.337007
38.483579
43.630152
48.776725
53.923297
59.069870
58.827419
58.584968
58.342517
58.100066
57.857615
58.397620
58.937624
59.477628
60.017633
60.557637
58.386599
56.215561
54.044523
51.873485
49.702447
47.322019
44.941591
42.561164
40.180736
37.800309
37.491735
37.183161
36.874587
36.566013
36.257439
37.866432
39.475424
41.084417
42.693410
44.302402
47.961208
51.620013
55.278819
58.937624
62.596429
61.384175
60.171920
58.959665
57.747410
56.535155
54.760855
52.986555
51.212255
49.437955
47.663654
46.947322
46.230990
45.514657
44.798325
44.081993
44.379546
44.677099
44.974653
45.272206
45.569760
46.429359
47.288957
48.148556
49.008155
49.867754
51.730218
53.592682
55.455147
57.317611
59.180075
60.260084
61.340093
62.420101
63.500110
64.580119
68.382191
72.184263
75.986335
79.788406
83.590478
92.968922
102.347366
111.725810
121.104254
130.482698
138.604805
146.726912
154.849019
162.971126
171.093233
172.889575
174.685916
176.482257
178.278598
180.074939
178.278598
176.482257
174.685916
172.889575
171.093233
164.998898
158.904562
152.810227
146.715892
140.621556
130.736169
120.850782
110.965396
101.080009
91.194622
86.312541
81.430461
76.548380
71.666299
66.784219
66.464624
66.145030
65.825435
65.505841
65.186246
65.737271
66.288296
66.839321
67.390346
67.941371
68.316068
68.690765
69.065462
69.440159
69.814856
69.682610
69.550364
69.418118
69.285872
69.153626
69.351995
69.550364
69.748733
69.947102
70.145471
70.542209
70.938946
71.335684
71.732422
72.129160
72.415693
72.702226
72.988759
73.275292
73.561825
73.616927
73.672030
73.727132
73.782235
73.837337
74.223055
74.608772
74.994490
75.380207
75.765925
79.832488
83.899052
87.965616
92.032180
96.098744
103.085739
110.072735
117.059731
124.046727
131.033723
131.573727
132.113732
132.653736
133.193740
133.733745
132.763941
131.794137
130.824333
129.854529
128.884726
131.507604
134.130483
136.753361
139.376240
141.999118
145.933436
149.867754
153.802072
157.736390
161.670708
162.353978
163.037249
163.720520
164.403791
165.087062
157.747410
150.407758
143.068107
135.728455
128.388803
120.420983
112.453163
104.485343
96.517523
88.549702
86.764382
84.979061
83.193740
81.408420
79.623099
80.714128
81.805158
82.896187
83.987216
85.078246
85.893762
86.709279
87.524796
88.340313
89.155830
92.902799
96.649769
100.396738
104.143707
107.890677
112.871942
117.853207
122.834472
127.815737
132.797002
131.562707
130.328411
129.094115
127.859819
126.625523
120.861803
115.098082
109.334362
103.570641
97.806921
93.729337
89.651752
85.574168
81.496584
77.418999
76.350011
75.281023
74.212034
73.143046
72.074058
72.481816
72.889575
73.297333
73.705091
74.112850
74.002645
73.892440
73.782235
73.672030
73.561825
73.098964
72.636103
72.173242
71.710381
71.247520
71.148336
71.049151
70.949967
70.850782
70.751598
70.630372
70.509147
70.387922
70.266696
70.145471
69.693630
69.241790
68.789949
68.338109
67.886268
68.514437
69.142605
69.770774
70.398942
71.027110
73.771214
76.515318
79.259423
82.003527
84.747631
87.139079
89.530527
91.921975
94.313423
96.704871
99.305709
101.906546
104.507384
107.108221
109.709059
114.370730
119.032400
123.694071
128.355742
133.017412
137.072956
141.128499
145.184042
149.239586
153.295129
154.959224
156.623319
158.287415
159.951510
161.615605
157.758431
153.901256
150.044082
146.186908
142.329733
138.329292
134.328852
130.328411
126.327970
122.327529
122.900595
123.473661
124.046727
124.619793
125.192859
125.380207
125.567556
125.754904
125.942253
126.129601
126.107560
126.085519
126.063478
126.041437
126.019396
124.145911
122.272427
120.398942
118.525457
116.651973
115.748292
114.844611
113.940930
113.037249
112.133568
111.174785
110.216002
109.257218
108.298435
107.339652
106.469032
105.598413
104.727794
103.857174
102.986555
102.920432
102.854309
102.788186
102.722063
102.655940
103.890236
105.124532
106.358827
107.593123
108.827419
110.855191
112.882962
114.910734
116.938506
118.966277
121.126295
123.286313
125.446330
127.606348
129.766365
131.210051
132.653736
134.097421
135.541106
136.984792
137.205202
137.425612
137.646022
137.866432
138.086842
137.260304
136.433767
135.607229
134.780692
133.954155
131.099846
128.245537
125.391228
122.536919
119.682610
117.103813
114.525017
111.946220
109.367423
106.788627
104.518404
102.248182
99.977959
97.707736
95.437514
95.106899
94.776284
94.445669
94.115054
93.784439
92.704430
91.624421
90.544413
89.464404
88.384395
87.106017
85.827639
84.549262
83.270884
81.992506
80.846374
79.700242
78.554111
77.407979
76.261847
75.578576
74.895305
74.212034
73.528764
72.845493
73.407538
73.969583
74.531629
75.093674
75.655720
78.410844
81.165969
83.921093
86.676218
89.431342
91.470134
93.508927
95.547719
97.586511
99.625303
101.597972
103.570641
105.543311
107.515980
109.488649
113.004188
116.519727
120.035266
123.550804
127.066343
127.881860
128.697377
129.512894
130.328411
131.143928
134.957020
138.770112
142.583205
146.396297
150.209389
146.275072
142.340754
138.406436
134.472118
130.537800
137.601940
144.666079
151.730218
158.794358
165.858497
176.019396
186.180295
196.341195
206.502094
216.662993
199.415914
182.168834
164.921754
147.674675
130.427595
129.567996
128.708398
127.848799
126.989200
126.129601
126.856954
127.584307
128.311660
129.039013
129.766365
126.867974
123.969583
121.071192
118.172801
115.274410
117.599736
119.925061
122.250386
124.575711
126.901036
126.427155
125.953273
125.479392
125.005510
124.531629
124.763059
124.994490
125.225920
125.457351
125.688781
122.889575
120.090368
117.291162
114.491955
111.692749
111.659687
111.626626
111.593564
111.560503
111.527441
108.044964
104.562486
101.080009
97.597531
94.115054
93.134230
92.153405
91.172581
90.191757
89.210932
88.450518
87.690104
86.929689
86.169275
85.408860
88.075821
90.742782
93.409742
96.076703
98.743663
96.815076
94.886489
92.957902
91.029315
89.100727
88.428477
87.756227
87.083976
86.411726
85.739475
85.375799
85.012123
84.648446
84.284770
83.921093
83.039453
82.157814
81.276174
80.394534
79.512894
77.011241
74.509588
72.007935
69.506282
67.004629
65.472779
63.940930
62.409081
60.877232
59.345382
59.532731
59.720079
59.907428
60.094776
60.282125
59.113952
57.945779
56.777606
55.609434
54.441261
55.047388
55.653516
56.259643
56.865770
57.471898
58.144148
58.816399
59.488649
60.160899
60.833150
64.998898
69.164646
73.330395
77.496143
81.661891
77.341856
73.021821
68.701785
64.381750
60.061715
59.929469
59.797223
59.664977
59.532731
59.400485
56.865770
54.331056
51.796341
49.261627
46.726912
49.129381
51.531849
53.934318
56.336786
58.739255
60.249063
61.758872
63.268680
64.778488
66.288296
62.574388
58.860480
55.146573
51.432665
47.718757
48.313864
48.908971
49.504078
50.099184
50.694291
52.281243
53.868195
55.455147
57.042098
58.629050
57.604144
56.579237
55.554331
54.529425
53.504518
52.193079
50.881640
49.570201
48.258761
46.947322
46.010580
45.073837
44.137095
43.200353
42.263610
40.621556
38.979502
37.337448
35.695393
34.053339
34.207626
34.361913
34.516200
34.670487
34.824774
34.979061
35.133348
35.287635
35.441922
35.596209
35.474983
35.353758
35.232533
35.111307
34.990082
34.670487
34.350893
34.031298
33.711704
33.392109
32.995371
32.598633
32.201896
31.805158
31.408420
30.383513
29.358607
28.333701
27.308794
26.283888
24.366321
22.448755
20.531188
18.613621
16.696055
15.803394
14.910734
14.018074
13.125413
12.232753
11.880097
11.527441
11.174785
10.822129
10.469473
10.722945
10.976416
11.229888
11.483359
11.736831
11.780912
11.824994
11.869076
11.913158
11.957240
11.417236
10.877232
10.337227
9.797223
9.257218
8.827419
8.397620
7.967820
7.538021
7.108221
6.656381
6.204540
5.752700
5.300860
4.849019
4.584527
4.320035
4.055543
3.791051
3.526559
3.394313
3.262067
3.129821
2.997575
2.865330
2.843289
2.821248
2.799207
2.777166
2.755125
2.556756
2.358387
2.160018
1.961649
1.763280
1.410624
1.057968
0.705312
0.352656
0.000000
0.000000
0.000000
0.000000
0.000000
0.000000
0.000000
0.000000
0.000000
0.000000
0.000000
0.000000
0.000000
0.000000
0.000000
0.000000
0.000000
0.000000
0.000000
0.000000
0.000000
0.000000
0.000000
0.000000
0.000000
0.000000
0.000000
0.000000
0.000000
0.000000
0.000000
0.000000
0.000000
0.000000
0.000000
0.000000
0.000000
0.000000
0.000000
0.000000
0.000000
0.000000
0.000000
0.000000
0.000000
0.000000
0.000000
0.000000
0.000000
0.000000
0.000000
0.000000
0.000000
0.000000
0.000000
0.000000
0.000000
0.000000
0.000000
0.000000
0.000000
0.000000
0.000000
0.000000
0.000000
0.000000
0.000000
0.000000
0.000000
0.000000
0.000000
0.000000
0.000000
0.000000
0.000000
0.000000
0.000000
0.000000
0.000000
0.000000
0.000000
0.000000
0.000000
0.000000
0.000000
0.000000
0.000000
0.000000
0.000000
0.000000
0.000000
0.000000
0.000000
0.000000
0.000000
0.000000
0.000000
0.000000
0.000000
0.000000
0.000000
0.000000
0.000000
0.000000
0.000000
0.000000
0.000000
0.000000
0.000000
0.000000
0.000000
0.000000
0.000000
0.000000
0.000000
0.000000
0.000000
0.000000
0.000000
0.000000
0.000000
0.000000
0.000000
0.000000
0.000000
0.000000
0.000000
0.000000
0.000000
0.000000
0.000000
0.000000
0.000000
0.000000
0.000000
0.000000
0.000000
0.000000
0.000000
0.000000
0.000000
0.000000
0.000000
0.000000
0.000000
0.000000
0.000000
0.000000
0.000000
0.000000
0.000000
0.000000
0.000000
0.000000
0.000000
0.000000
0.000000
0.000000
0.000000
0.000000
0.000000
0.000000
0.000000
0.000000
0.000000
0.000000
0.000000
0.000000
0.000000
0.000000
0.000000
0.000000
0.000000
0.000000
0.000000
0.000000
0.000000
0.000000
0.000000
0.000000
0.000000
0.000000
0.000000
0.000000
0.000000
0.000000
0.000000
0.000000
0.000000
0.000000
0.000000
0.000000
0.000000
0.000000
0.000000
0.000000
0.000000
0.000000
0.000000
0.000000
0.000000
0.000000
0.000000
0.000000
0.000000
0.000000
0.000000
0.000000
0.000000
0.000000
0.000000
0.000000
0.000000
0.000000
0.000000
0.000000
0.000000
0.000000
0.000000
0.000000
0.000000
0.000000
0.000000
0.000000
0.000000
0.000000
0.000000
0.000000
0.000000
0.000000
0.000000
0.000000
0.000000
0.000000
0.000000
0.000000
0.000000
0.000000
0.000000
0.000000
0.000000
0.000000
0.000000
0.000000
0.000000
